               time      dR_m      dT_m      dN_m
2024-01-01T00:00:00 -0.010120  0.011093  0.014791
2024-01-01T00:01:00 -0.009571  0.010036  0.013416
2024-01-01T00:02:00 -0.009129  0.016914  0.011748
2024-01-01T00:03:00 -0.008457  0.016332  0.009811
2024-01-01T00:04:00 -0.008295  0.013208  0.008239
2024-01-01T00:05:00 -0.008238  0.018255  0.007072
2024-01-01T00:06:00 -0.007931  0.017964  0.004564
2024-01-01T00:07:00 -0.007188  0.014579  0.004283
2024-01-01T00:08:00 -0.008217  0.016237  0.002280
2024-01-01T00:09:00 -0.007254  0.019332  0.000130
2024-01-01T00:10:00 -0.006840  0.016254 -0.001403
2024-01-01T00:11:00 -0.006247  0.018097 -0.002160
2024-01-01T00:12:00 -0.006075  0.020563 -0.004001
2024-01-01T00:13:00 -0.005399  0.016926 -0.004300
2024-01-01T00:14:00 -0.005223  0.018226 -0.006019
2024-01-01T00:15:00 -0.004528  0.021512 -0.008145
2024-01-01T00:16:00 -0.004153  0.017217 -0.008357
2024-01-01T00:17:00 -0.004133  0.018210 -0.009745
2024-01-01T00:18:00 -0.003335  0.022451 -0.010531
2024-01-01T00:19:00 -0.002991  0.017993 -0.011074
2024-01-01T00:20:00 -0.001579  0.019017 -0.012318
2024-01-01T00:21:00 -0.001206  0.022124 -0.013188
2024-01-01T00:22:00 -0.000348  0.017638 -0.013840
2024-01-01T00:23:00  0.000038  0.017590 -0.013726
2024-01-01T00:24:00  0.000822  0.016021 -0.013383
2024-01-01T00:25:00  0.002258  0.021193 -0.015212
2024-01-01T00:26:00  0.002942  0.016705 -0.014303
2024-01-01T00:27:00  0.003859  0.015640 -0.014693
2024-01-01T00:28:00  0.004010  0.019898 -0.014292
2024-01-01T00:29:00  0.004886  0.014556 -0.014001
2024-01-01T00:30:00  0.006192  0.013200 -0.013711
2024-01-01T00:31:00  0.007069  0.017766 -0.014744
2024-01-01T00:32:00  0.007470  0.012975 -0.014437
2024-01-01T00:33:00  0.007786  0.010640 -0.013540
2024-01-01T00:34:00  0.007503  0.015778 -0.014394
2024-01-01T00:35:00  0.007319  0.009891 -0.013990
2024-01-01T00:36:00  0.007983  0.008453 -0.013271
2024-01-01T00:37:00  0.008115  0.012366 -0.013204
2024-01-01T00:38:00  0.007274  0.007112 -0.013180
2024-01-01T00:39:00  0.007452  0.004702 -0.012770
2024-01-01T00:40:00  0.006955  0.004147 -0.012494
2024-01-01T00:41:00  0.007023  0.003836 -0.012198
2024-01-01T00:42:00  0.007557  0.001044 -0.011939
2024-01-01T00:43:00  0.006435  0.000952 -0.012383
2024-01-01T00:44:00  0.006554 -0.000585 -0.011154
2024-01-01T00:45:00  0.006168 -0.002010 -0.010720
2024-01-01T00:46:00  0.006065 -0.002605 -0.010157
2024-01-01T00:47:00  0.005737  0.002199 -0.010278
2024-01-01T00:48:00  0.005691 -0.001216 -0.009987
2024-01-01T00:49:00  0.006252 -0.005604 -0.009741
2024-01-01T00:50:00  0.005112 -0.000292 -0.008177
2024-01-01T00:51:00  0.004668 -0.002558 -0.007704
2024-01-01T00:52:00  0.005619 -0.006777 -0.008032
2024-01-01T00:53:00  0.004469 -0.006865 -0.007579
2024-01-01T00:54:00  0.003864 -0.003560 -0.006063
2024-01-01T00:55:00  0.004179 -0.008283 -0.005464
2024-01-01T00:56:00  0.003544 -0.007360 -0.005131
2024-01-01T00:57:00  0.002361 -0.004713 -0.003856
2024-01-01T00:58:00  0.002790 -0.007988 -0.003237
2024-01-01T00:59:00  0.001641 -0.007711 -0.002175
2024-01-01T01:00:00  0.000722 -0.003509  0.000647
2024-01-01T01:01:00  0.000332 -0.007415  0.000516
2024-01-01T01:02:00 -0.000286 -0.005909  0.002887
2024-01-01T01:03:00 -0.000711 -0.002790  0.003429
2024-01-01T01:04:00 -0.001339 -0.005627  0.003820
2024-01-01T01:05:00 -0.002426 -0.004343  0.005728
2024-01-01T01:06:00 -0.002717 -0.000372  0.006351
2024-01-01T01:07:00 -0.003486 -0.004798  0.006911
2024-01-01T01:08:00 -0.003131 -0.002243  0.008310
2024-01-01T01:09:00 -0.004167 -0.003541  0.010018
2024-01-01T01:10:00 -0.004172  0.002599  0.010901
2024-01-01T01:11:00 -0.004475 -0.001070  0.012119
2024-01-01T01:12:00 -0.004680 -0.000742  0.012516
2024-01-01T01:13:00 -0.005632  0.005098  0.013911
2024-01-01T01:14:00 -0.006223  0.002396  0.015355
2024-01-01T01:15:00 -0.006667  0.001932  0.015390
2024-01-01T01:16:00 -0.006465  0.008911  0.016928
2024-01-01T01:17:00 -0.006670  0.005317  0.017102
2024-01-01T01:18:00 -0.006213  0.004454  0.017776
2024-01-01T01:19:00 -0.006126  0.011158  0.019223
2024-01-01T01:20:00 -0.007260  0.008592  0.018723
2024-01-01T01:21:00 -0.005868  0.007936  0.019434
2024-01-01T01:22:00 -0.005892  0.014409  0.020276
2024-01-01T01:23:00 -0.005445  0.011293  0.020289
2024-01-01T01:24:00 -0.005352  0.010547  0.020891
2024-01-01T01:25:00 -0.005269  0.012141  0.021375
2024-01-01T01:26:00 -0.005293  0.013783  0.021175
2024-01-01T01:27:00 -0.005472  0.013575  0.020821
2024-01-01T01:28:00 -0.005219  0.015145  0.021197
2024-01-01T01:29:00 -0.004058  0.016023  0.020559
2024-01-01T01:30:00 -0.004020  0.014584  0.020253
2024-01-01T01:31:00 -0.003437  0.015803  0.020220
2024-01-01T01:32:00 -0.002708  0.021998  0.019463
2024-01-01T01:33:00 -0.002234  0.021444  0.018491
2024-01-01T01:34:00 -0.001354  0.017193  0.018403
2024-01-01T01:35:00 -0.000844  0.023568  0.017879
2024-01-01T01:36:00 -0.000425  0.021825  0.018069
2024-01-01T01:37:00  0.000856  0.018654  0.016780
2024-01-01T01:38:00  0.001061  0.018623  0.015769
2024-01-01T01:39:00  0.001728  0.021960  0.014808
2024-01-01T01:40:00  0.002398  0.018459  0.014448
2024-01-01T01:41:00  0.002596  0.018873  0.013030
2024-01-01T01:42:00  0.003459  0.022564  0.011657
2024-01-01T01:43:00  0.003752  0.018193  0.011827
2024-01-01T01:44:00  0.003810  0.019234  0.010533
2024-01-01T01:45:00  0.004898  0.022277  0.009549
2024-01-01T01:46:00  0.004295  0.018712  0.008248
2024-01-01T01:47:00  0.005422  0.018469  0.007617
2024-01-01T01:48:00  0.005260  0.021377  0.006410
2024-01-01T01:49:00  0.005083  0.017071  0.006438
2024-01-01T01:50:00  0.005951  0.016894  0.005679
2024-01-01T01:51:00  0.005585  0.020322  0.003591
2024-01-01T01:52:00  0.005446  0.015210  0.003796
2024-01-01T01:53:00  0.005834  0.015786  0.003158
2024-01-01T01:54:00  0.005230  0.012670  0.002245
2024-01-01T01:55:00  0.005418  0.018331  0.000743
2024-01-01T01:56:00  0.005541  0.013416  0.000295
2024-01-01T01:57:00  0.004673  0.011715 -0.000113
2024-01-01T01:58:00  0.005233  0.016277 -0.000900
2024-01-01T01:59:00  0.004819  0.011859 -0.001329
2024-01-01T02:00:00  0.004109  0.010624 -0.001829
2024-01-01T02:01:00  0.003361  0.014972 -0.003303
2024-01-01T02:02:00  0.003730  0.010299 -0.003057
2024-01-01T02:03:00  0.003280  0.008191 -0.004708
2024-01-01T02:04:00  0.002480  0.012962 -0.005473
2024-01-01T02:05:00  0.002747  0.008190 -0.005515
2024-01-01T02:06:00  0.002085  0.006528 -0.006663
2024-01-01T02:07:00  0.002094  0.010896 -0.007831
2024-01-01T02:08:00  0.001242  0.006913 -0.009300
2024-01-01T02:09:00  0.000285  0.005467 -0.009792
2024-01-01T02:10:00  0.000023  0.005234 -0.010435
2024-01-01T02:11:00  0.000205  0.005984 -0.011932
2024-01-01T02:12:00 -0.000148  0.003197 -0.011839
2024-01-01T02:13:00 -0.000249  0.004412 -0.013487
2024-01-01T02:14:00 -0.000418  0.005090 -0.014360
2024-01-01T02:15:00 -0.000644  0.003290 -0.015040
2024-01-01T02:16:00 -0.000499  0.002963 -0.015762
2024-01-01T02:17:00 -0.001542  0.009398 -0.017296
2024-01-01T02:18:00 -0.001912  0.007642 -0.017404
2024-01-01T02:19:00 -0.001833  0.003307 -0.019030
2024-01-01T02:20:00 -0.002033  0.008213 -0.019150
2024-01-01T02:21:00 -0.002819  0.007378 -0.020526
2024-01-01T02:22:00 -0.002844  0.003572 -0.020449
2024-01-01T02:23:00 -0.002436  0.004600 -0.021463
2024-01-01T02:24:00 -0.003319  0.007684 -0.022743
2024-01-01T02:25:00 -0.003432  0.002890 -0.023187
2024-01-01T02:26:00 -0.003968  0.004763 -0.023038
2024-01-01T02:27:00 -0.004078  0.007229 -0.023750
2024-01-01T02:28:00 -0.004014  0.003227 -0.023762
2024-01-01T02:29:00 -0.004685  0.004884 -0.024034
2024-01-01T02:30:00 -0.004559  0.008432 -0.024585
2024-01-01T02:31:00 -0.004159  0.004314 -0.024003
2024-01-01T02:32:00 -0.004538  0.005992 -0.024460
2024-01-01T02:33:00 -0.004608  0.009588 -0.023718
2024-01-01T02:34:00 -0.004535  0.005948 -0.023607
2024-01-01T02:35:00 -0.004687  0.006534 -0.023161
2024-01-01T02:36:00 -0.004810  0.010295 -0.022145
2024-01-01T02:37:00 -0.005154  0.006745 -0.021403
2024-01-01T02:38:00 -0.004199  0.007449 -0.020899
2024-01-01T02:39:00 -0.003498  0.006525 -0.018863
2024-01-01T02:40:00 -0.002830  0.011872 -0.017470
2024-01-01T02:41:00 -0.002603  0.008312 -0.017528
2024-01-01T02:42:00 -0.001342  0.007138 -0.016068
2024-01-01T02:43:00 -0.001305  0.012905 -0.014634
2024-01-01T02:44:00 -0.000178  0.008877 -0.012947
2024-01-01T02:45:00 -0.000421  0.007929 -0.011989
2024-01-01T02:46:00  0.000165  0.013104 -0.010728
2024-01-01T02:47:00  0.000490  0.008676 -0.008794
2024-01-01T02:48:00  0.001708  0.006915 -0.007193
2024-01-01T02:49:00  0.002144  0.012336 -0.005129
2024-01-01T02:50:00  0.002941  0.008340 -0.003750
2024-01-01T02:51:00  0.003970  0.006252 -0.001871
2024-01-01T02:52:00  0.003960  0.011918  0.000141
2024-01-01T02:53:00  0.004259  0.007832  0.001337
2024-01-01T02:54:00  0.004701  0.004784  0.003693
2024-01-01T02:55:00  0.005257  0.005071  0.004678
2024-01-01T02:56:00  0.005510  0.005435  0.006894
2024-01-01T02:57:00  0.005856  0.002610  0.008202
2024-01-01T02:58:00  0.005565  0.003222  0.009985
2024-01-01T02:59:00  0.006420  0.002525  0.011488
2024-01-01T03:00:00  0.006580  0.000532  0.013088
2024-01-01T03:01:00  0.006710  0.001257  0.014822
2024-01-01T03:02:00  0.007171  0.005169  0.016389
2024-01-01T03:03:00  0.006654  0.002847  0.017805
2024-01-01T03:04:00  0.006746 -0.002775  0.019289
2024-01-01T03:05:00  0.006731  0.002630  0.020354
2024-01-01T03:06:00  0.007418  0.000342  0.021615
2024-01-01T03:07:00  0.007661 -0.004608  0.022497
2024-01-01T03:08:00  0.007419 -0.004666  0.023583
2024-01-01T03:09:00  0.007636 -0.003363  0.025029
2024-01-01T03:10:00  0.007318 -0.008281  0.025462
2024-01-01T03:11:00  0.007914 -0.008597  0.026242
2024-01-01T03:12:00  0.006691 -0.006115  0.027576
2024-01-01T03:13:00  0.006771 -0.010730  0.028521
2024-01-01T03:14:00  0.007156 -0.010916  0.028626
2024-01-01T03:15:00  0.007623 -0.008360  0.028800
2024-01-01T03:16:00  0.007447 -0.013290  0.029059
2024-01-01T03:17:00  0.007221 -0.012996  0.029157
2024-01-01T03:18:00  0.006676 -0.010912  0.029433
2024-01-01T03:19:00  0.005606 -0.014746  0.030154
2024-01-01T03:20:00  0.006011 -0.014862  0.029765
2024-01-01T03:21:00  0.005142 -0.012354  0.029951
2024-01-01T03:22:00  0.004600 -0.016132  0.030500
2024-01-01T03:23:00  0.004814 -0.015691  0.029194
2024-01-01T03:24:00  0.003984 -0.017237  0.029847
2024-01-01T03:25:00  0.002128 -0.011358  0.028931
2024-01-01T03:26:00  0.001825 -0.015713  0.028074
2024-01-01T03:27:00  0.001426 -0.016537  0.027556
2024-01-01T03:28:00 -0.000598 -0.010891  0.026201
2024-01-01T03:29:00 -0.001043 -0.014319  0.026271
2024-01-01T03:30:00 -0.002347 -0.014818  0.024506
2024-01-01T03:31:00 -0.003245 -0.009855  0.022532
2024-01-01T03:32:00 -0.004736 -0.013746  0.021763
2024-01-01T03:33:00 -0.005927 -0.014797  0.020209
2024-01-01T03:34:00 -0.006852 -0.008158  0.018087
2024-01-01T03:35:00 -0.008053 -0.011259  0.016118
2024-01-01T03:36:00 -0.009355 -0.011608  0.014736
2024-01-01T03:37:00 -0.010296 -0.004946  0.012182
2024-01-01T03:38:00 -0.010922 -0.009136  0.010033
2024-01-01T03:39:00 -0.011742 -0.009431  0.007898
2024-01-01T03:40:00 -0.011799 -0.007160  0.005333
2024-01-01T03:41:00 -0.012291 -0.006207  0.003181
2024-01-01T03:42:00 -0.012236 -0.006168  0.000789
2024-01-01T03:43:00 -0.013308 -0.004179 -0.001926
2024-01-01T03:44:00 -0.013726 -0.002527 -0.003976
2024-01-01T03:45:00 -0.013717 -0.002250 -0.006135
2024-01-01T03:46:00 -0.013389 -0.000603 -0.009175
2024-01-01T03:47:00 -0.014250  0.006860 -0.011795
2024-01-01T03:48:00 -0.014436  0.006289 -0.013450
2024-01-01T03:49:00 -0.014036  0.003823 -0.015868
2024-01-01T03:50:00 -0.013919  0.010532 -0.018012
2024-01-01T03:51:00 -0.013129  0.010706 -0.020248
2024-01-01T03:52:00 -0.013014  0.007499 -0.021707
2024-01-01T03:53:00 -0.013966  0.010694 -0.023159
2024-01-01T03:54:00 -0.013695  0.014362 -0.024642
2024-01-01T03:55:00 -0.013400  0.012188 -0.025340
2024-01-01T03:56:00 -0.013491  0.013418 -0.027319
2024-01-01T03:57:00 -0.013303  0.019568 -0.028598
2024-01-01T03:58:00 -0.013407  0.015216 -0.029925
2024-01-01T03:59:00 -0.013371  0.018425 -0.030730
2024-01-01T04:00:00 -0.012542  0.022879 -0.031905
2024-01-01T04:01:00 -0.011919  0.019450 -0.032135
2024-01-01T04:02:00 -0.012050  0.021946 -0.032982
2024-01-01T04:03:00 -0.011261  0.025793 -0.033656
2024-01-01T04:04:00 -0.011226  0.023563 -0.034212
2024-01-01T04:05:00 -0.010921  0.024928 -0.034956
2024-01-01T04:06:00 -0.009634  0.029225 -0.035649
2024-01-01T04:07:00 -0.010144  0.026737 -0.035127
2024-01-01T04:08:00 -0.008945  0.027901 -0.035113
2024-01-01T04:09:00 -0.008229  0.027063 -0.035336
2024-01-01T04:10:00 -0.007632  0.033579 -0.034351
2024-01-01T04:11:00 -0.007522  0.029353 -0.034724
2024-01-01T04:12:00 -0.006353  0.029188 -0.033822
2024-01-01T04:13:00 -0.005210  0.034946 -0.033448
2024-01-01T04:14:00 -0.004129  0.032425 -0.032654
2024-01-01T04:15:00 -0.004425  0.030915 -0.032678
2024-01-01T04:16:00 -0.002713  0.036237 -0.031230
2024-01-01T04:17:00 -0.002182  0.032928 -0.031073
2024-01-01T04:18:00 -0.000685  0.031192 -0.029982
2024-01-01T04:19:00 -0.000187  0.037029 -0.028996
2024-01-01T04:20:00  0.000890  0.033190 -0.027630
2024-01-01T04:21:00  0.001458  0.031307 -0.027104
2024-01-01T04:22:00  0.002637  0.036708 -0.026606
2024-01-01T04:23:00  0.003524  0.032608 -0.024994
2024-01-01T04:24:00  0.004674  0.031182 -0.024049
2024-01-01T04:25:00  0.005281  0.031000 -0.023084
2024-01-01T04:26:00  0.005849  0.031240 -0.022225
2024-01-01T04:27:00  0.007590  0.028862 -0.020946
2024-01-01T04:28:00  0.008656  0.029007 -0.019534
2024-01-01T04:29:00  0.009488  0.028152 -0.017918
2024-01-01T04:30:00  0.010121  0.026485 -0.016786
2024-01-01T04:31:00  0.011160  0.025330 -0.016266
2024-01-01T04:32:00  0.011447  0.029545 -0.014018
2024-01-01T04:33:00  0.012201  0.026766 -0.012431
2024-01-01T04:34:00  0.012965  0.021485 -0.011388
2024-01-01T04:35:00  0.012910  0.024864 -0.009509
2024-01-01T04:36:00  0.013419  0.022231 -0.008128
2024-01-01T04:37:00  0.013837  0.016582 -0.006934
2024-01-01T04:38:00  0.014326  0.015973 -0.005251
2024-01-01T04:39:00  0.014493  0.016738 -0.004021
2024-01-01T04:40:00  0.015215  0.011419 -0.002173
2024-01-01T04:41:00  0.015133  0.010457 -0.000831
2024-01-01T04:42:00  0.015099  0.011140  0.001585
2024-01-01T04:43:00  0.015233  0.005052  0.002970
2024-01-01T04:44:00  0.015368  0.003457  0.003740
2024-01-01T04:45:00  0.015284  0.004838  0.006932
2024-01-01T04:46:00  0.015862 -0.000782  0.007779
2024-01-01T04:47:00  0.016094 -0.001535  0.009647
2024-01-01T04:48:00  0.015563 -0.000303  0.011859
2024-01-01T04:49:00  0.014938 -0.007066  0.013064
2024-01-01T04:50:00  0.015533 -0.008395  0.014122
2024-01-01T04:51:00  0.014523 -0.007399  0.016283
2024-01-01T04:52:00  0.015006 -0.012277  0.017328
2024-01-01T04:53:00  0.015084 -0.013690  0.019107
2024-01-01T04:54:00  0.014394 -0.016141  0.020168
2024-01-01T04:55:00  0.014255 -0.012035  0.020550
2024-01-01T04:56:00  0.013647 -0.017550  0.022889
2024-01-01T04:57:00  0.013230 -0.019942  0.023550
2024-01-01T04:58:00  0.012958 -0.015741  0.024285
2024-01-01T04:59:00  0.012080 -0.021589  0.025345
2024-01-01T05:00:00  0.011220 -0.023406  0.026605
2024-01-01T05:01:00  0.010766 -0.018731  0.027369
2024-01-01T05:02:00  0.010152 -0.023877  0.028011
2024-01-01T05:03:00  0.008806 -0.025467  0.027825
2024-01-01T05:04:00  0.008802 -0.020587  0.028337
2024-01-01T05:05:00  0.007445 -0.025244  0.028692
2024-01-01T05:06:00  0.006697 -0.026991  0.028132
2024-01-01T05:07:00  0.004823 -0.021743  0.028158
2024-01-01T05:08:00  0.003829 -0.025615  0.029171
2024-01-01T05:09:00  0.003381 -0.026840  0.028636
2024-01-01T05:10:00  0.002795 -0.026294  0.029011
2024-01-01T05:11:00  0.001342 -0.025066  0.027755
2024-01-01T05:12:00  0.000015 -0.026911  0.028575
2024-01-01T05:13:00 -0.000830 -0.025837  0.027662
2024-01-01T05:14:00 -0.001297 -0.024789  0.027717
2024-01-01T05:15:00 -0.002509 -0.025813  0.027815
2024-01-01T05:16:00 -0.002513 -0.024677  0.027749
2024-01-01T05:17:00 -0.004002 -0.019107  0.027034
2024-01-01T05:18:00 -0.004368 -0.020219  0.026073
2024-01-01T05:19:00 -0.005376 -0.023037  0.026425
2024-01-01T05:20:00 -0.006039 -0.017544  0.024976
2024-01-01T05:21:00 -0.006639 -0.018258  0.025280
2024-01-01T05:22:00 -0.007183 -0.021393  0.024847
2024-01-01T05:23:00 -0.007844 -0.020118  0.025335
2024-01-01T05:24:00 -0.007363 -0.016169  0.024284
2024-01-01T05:25:00 -0.008174 -0.018832  0.023849
2024-01-01T05:26:00 -0.009170 -0.017640  0.023580
2024-01-01T05:27:00 -0.009286 -0.013995  0.022116
2024-01-01T05:28:00 -0.009955 -0.016426  0.021651
2024-01-01T05:29:00 -0.010109 -0.014380  0.021107
2024-01-01T05:30:00 -0.010584 -0.010034  0.019965
2024-01-01T05:31:00 -0.010844 -0.013047  0.019799
2024-01-01T05:32:00 -0.010439 -0.010663  0.018406
2024-01-01T05:33:00 -0.010722 -0.006598  0.017636
2024-01-01T05:34:00 -0.011144 -0.009899  0.016789
2024-01-01T05:35:00 -0.011181 -0.007992  0.015146
2024-01-01T05:36:00 -0.012128 -0.003420  0.012621
2024-01-01T05:37:00 -0.011393 -0.007125  0.011506
2024-01-01T05:38:00 -0.011133 -0.004720  0.010475
2024-01-01T05:39:00 -0.012150 -0.004458  0.009690
2024-01-01T05:40:00 -0.011153  0.001366  0.008078
2024-01-01T05:41:00 -0.011798 -0.001639  0.006186
2024-01-01T05:42:00 -0.011074 -0.001786  0.004367
2024-01-01T05:43:00 -0.011455  0.003923  0.002168
2024-01-01T05:44:00 -0.011369  0.001854  0.000455
2024-01-01T05:45:00 -0.010997  0.000331 -0.001213
2024-01-01T05:46:00 -0.009443  0.007139 -0.002634
2024-01-01T05:47:00 -0.008852  0.004087 -0.004210
2024-01-01T05:48:00 -0.008404  0.004262 -0.006446
2024-01-01T05:49:00 -0.008708  0.009474 -0.007993
2024-01-01T05:50:00 -0.008443  0.006498 -0.009146
2024-01-01T05:51:00 -0.006664  0.006017 -0.011799
2024-01-01T05:52:00 -0.006721  0.012899 -0.013322
2024-01-01T05:53:00 -0.006584  0.010021 -0.014979
2024-01-01T05:54:00 -0.005110  0.008737 -0.016431
2024-01-01T05:55:00 -0.004647  0.011151 -0.018822
2024-01-01T05:56:00 -0.004370  0.012825 -0.020809
2024-01-01T05:57:00 -0.003492  0.012149 -0.022047
2024-01-01T05:58:00 -0.003439  0.013311 -0.022621
2024-01-01T05:59:00 -0.001817  0.014336 -0.024869
2024-01-01T06:00:00 -0.001680  0.014295 -0.025787
2024-01-01T06:01:00 -0.000780  0.016072 -0.027552
2024-01-01T06:02:00 -0.000101  0.021295 -0.028086
2024-01-01T06:03:00  0.000097  0.020612 -0.029946
2024-01-01T06:04:00  0.000232  0.016573 -0.031316
2024-01-01T06:05:00  0.000725  0.022610 -0.030980
2024-01-01T06:06:00  0.001629  0.021733 -0.032191
2024-01-01T06:07:00  0.001488  0.018110 -0.034002
2024-01-01T06:08:00  0.001955  0.018878 -0.033879
2024-01-01T06:09:00  0.003582  0.021748 -0.034681
2024-01-01T06:10:00  0.003320  0.018663 -0.034572
2024-01-01T06:11:00  0.004120  0.018800 -0.034600
2024-01-01T06:12:00  0.004744  0.022074 -0.034935
2024-01-01T06:13:00  0.004594  0.017973 -0.035032
2024-01-01T06:14:00  0.004890  0.017723 -0.034313
2024-01-01T06:15:00  0.005561  0.021219 -0.033771
2024-01-01T06:16:00  0.005964  0.016184 -0.034531
2024-01-01T06:17:00  0.005840  0.015567 -0.033919
2024-01-01T06:18:00  0.006068  0.018973 -0.033199
2024-01-01T06:19:00  0.006718  0.013948 -0.031344
2024-01-01T06:20:00  0.005875  0.014549 -0.030511
2024-01-01T06:21:00  0.006605  0.016051 -0.030102
2024-01-01T06:22:00  0.006455  0.011610 -0.027992
2024-01-01T06:23:00  0.006007  0.010728 -0.026806
2024-01-01T06:24:00  0.006141  0.008525 -0.025044
2024-01-01T06:25:00  0.006625  0.013466 -0.023931
2024-01-01T06:26:00  0.007024  0.007453 -0.022538
2024-01-01T06:27:00  0.005738  0.005166 -0.020647
2024-01-01T06:28:00  0.006423  0.009653 -0.017923
2024-01-01T06:29:00  0.005758  0.005192 -0.016643
2024-01-01T06:30:00  0.006256  0.002469 -0.013880
2024-01-01T06:31:00  0.005362  0.006973 -0.012043
2024-01-01T06:32:00  0.005464  0.002851 -0.009813
2024-01-01T06:33:00  0.006257  0.000376 -0.008277
2024-01-01T06:34:00  0.006564  0.005218 -0.005778
2024-01-01T06:35:00  0.006533  0.000425 -0.004087
2024-01-01T06:36:00  0.006072 -0.001419 -0.002090
2024-01-01T06:37:00  0.004821  0.003834  0.000346
2024-01-01T06:38:00  0.005306 -0.000032  0.002514
2024-01-01T06:39:00  0.005428 -0.001885  0.003864
2024-01-01T06:40:00  0.005086 -0.001548  0.007015
2024-01-01T06:41:00  0.004511 -0.000921  0.008298
2024-01-01T06:42:00  0.004470 -0.002705  0.011122
2024-01-01T06:43:00  0.004644 -0.001379  0.012967
2024-01-01T06:44:00  0.002974 -0.000767  0.014771
2024-01-01T06:45:00  0.002585 -0.002055  0.016619
2024-01-01T06:46:00  0.002724 -0.001747  0.018153
2024-01-01T06:47:00  0.002659  0.004081  0.019975
2024-01-01T06:48:00  0.001636  0.002980  0.020979
2024-01-01T06:49:00  0.001582 -0.000829  0.023485
2024-01-01T06:50:00  0.001017  0.004854  0.024241
2024-01-01T06:51:00  0.000724  0.004130  0.025498
2024-01-01T06:52:00 -0.000365  0.000754  0.027301
2024-01-01T06:53:00 -0.000102  0.001845  0.027396
2024-01-01T06:54:00 -0.000805  0.005706  0.027922
2024-01-01T06:55:00  0.000032  0.001421  0.028886
2024-01-01T06:56:00 -0.000371  0.003468  0.030151
2024-01-01T06:57:00 -0.001411  0.007133  0.030697
2024-01-01T06:58:00 -0.001087  0.002771  0.031479
2024-01-01T06:59:00 -0.001175  0.004428  0.032390
2024-01-01T07:00:00 -0.002544  0.008426  0.031716
2024-01-01T07:01:00 -0.001849  0.005012  0.032335
2024-01-01T07:02:00 -0.001637  0.005011  0.032697
2024-01-01T07:03:00 -0.001728  0.010012  0.033395
2024-01-01T07:04:00 -0.002228  0.005660  0.034215
2024-01-01T07:05:00 -0.001649  0.006792  0.033705
2024-01-01T07:06:00 -0.001526  0.009958  0.032876
2024-01-01T07:07:00 -0.001818  0.006965  0.033744
2024-01-01T07:08:00 -0.001801  0.007375  0.032947
2024-01-01T07:09:00 -0.001413  0.005887  0.033199
2024-01-01T07:10:00 -0.002134  0.012260  0.032912
2024-01-01T07:11:00 -0.001712  0.007808  0.032756
2024-01-01T07:12:00 -0.001176  0.006410  0.031325
2024-01-01T07:13:00 -0.001779  0.011168  0.030879
2024-01-01T07:14:00 -0.001850  0.008193  0.031062
2024-01-01T07:15:00 -0.000596  0.006075  0.029705
2024-01-01T07:16:00 -0.001412  0.010850  0.029372
2024-01-01T07:17:00 -0.001539  0.006691  0.028346
2024-01-01T07:18:00 -0.000695  0.004348  0.026499
2024-01-01T07:19:00 -0.000767  0.009450  0.025709
2024-01-01T07:20:00 -0.000173  0.005279  0.024411
2024-01-01T07:21:00  0.000150  0.002905  0.022718
2024-01-01T07:22:00  0.001199  0.008684  0.020570
2024-01-01T07:23:00  0.001493  0.003149  0.018998
2024-01-01T07:24:00  0.001799  0.001178  0.017342
2024-01-01T07:25:00  0.002404  0.000988  0.015431
2024-01-01T07:26:00  0.002848  0.001076  0.013067
2024-01-01T07:27:00  0.003283 -0.001377  0.011538
2024-01-01T07:28:00  0.004241 -0.001339  0.008785
2024-01-01T07:29:00  0.003693 -0.000967  0.007075
2024-01-01T07:30:00  0.004266 -0.003744  0.004758
2024-01-01T07:31:00  0.004889 -0.003192  0.002498
2024-01-01T07:32:00  0.004607  0.001425  0.000372
2024-01-01T07:33:00  0.004863 -0.000250 -0.002205
2024-01-01T07:34:00  0.005120 -0.005428 -0.005271
2024-01-01T07:35:00  0.005736 -0.000829 -0.006724
2024-01-01T07:36:00  0.005389 -0.002354 -0.009730
2024-01-01T07:37:00  0.005340 -0.006157 -0.011879
2024-01-01T07:38:00  0.004879 -0.006417 -0.013849
2024-01-01T07:39:00  0.005186 -0.003826 -0.016052
2024-01-01T07:40:00  0.004827 -0.008224 -0.018229
2024-01-01T07:41:00  0.004075 -0.007912 -0.020283
2024-01-01T07:42:00  0.003737 -0.004515 -0.022096
2024-01-01T07:43:00  0.003198 -0.007802 -0.023649
2024-01-01T07:44:00  0.003075 -0.006844 -0.025230
2024-01-01T07:45:00  0.002553 -0.003980 -0.025981
2024-01-01T07:46:00  0.002427 -0.008307 -0.027228
2024-01-01T07:47:00  0.001239 -0.007290 -0.028474
2024-01-01T07:48:00  0.000349 -0.004669 -0.028504
2024-01-01T07:49:00 -0.000209 -0.008243 -0.029982
2024-01-01T07:50:00 -0.000874 -0.007255 -0.030785
2024-01-01T07:51:00 -0.002210 -0.004237 -0.030565
2024-01-01T07:52:00 -0.002034 -0.007626 -0.030757
2024-01-01T07:53:00 -0.002845 -0.007599 -0.030080
2024-01-01T07:54:00 -0.003409 -0.008534 -0.030358
2024-01-01T07:55:00 -0.003948 -0.002825 -0.028714
2024-01-01T07:56:00 -0.004449 -0.006067 -0.027666
2024-01-01T07:57:00 -0.004586 -0.007939 -0.026612
2024-01-01T07:58:00 -0.005320 -0.002443 -0.025739
2024-01-01T07:59:00 -0.005735 -0.006419 -0.024274
2024-01-01T08:00:00 -0.006060 -0.007214 -0.023003
2024-01-01T08:01:00 -0.006499 -0.002058 -0.020840
2024-01-01T08:02:00 -0.005442 -0.005614 -0.018496
2024-01-01T08:03:00 -0.006041 -0.006979 -0.017106
2024-01-01T08:04:00 -0.005533 -0.000905 -0.014322
2024-01-01T08:05:00 -0.005441 -0.003987 -0.013222
2024-01-01T08:06:00 -0.005230 -0.005785 -0.011264
2024-01-01T08:07:00 -0.005270 -0.000089 -0.008370
2024-01-01T08:08:00 -0.005543 -0.003276 -0.006376
2024-01-01T08:09:00 -0.004693 -0.004683 -0.004478
2024-01-01T08:10:00 -0.005004 -0.003132 -0.002593
2024-01-01T08:11:00 -0.004602 -0.002295 -0.000008
2024-01-01T08:12:00 -0.004719 -0.003100  0.001480
2024-01-01T08:13:00 -0.004368 -0.001958  0.003197
2024-01-01T08:14:00 -0.004014 -0.000848  0.005560
2024-01-01T08:15:00 -0.004564 -0.001391  0.007016
2024-01-01T08:16:00 -0.003877  0.000006  0.009455
2024-01-01T08:17:00 -0.003411  0.006023  0.011517
2024-01-01T08:18:00 -0.004321  0.004971  0.012219
2024-01-01T08:19:00 -0.003195  0.001561  0.015051
2024-01-01T08:20:00 -0.003643  0.008162  0.015768
2024-01-01T08:21:00 -0.004255  0.006853  0.017008
2024-01-01T08:22:00 -0.003908  0.003950  0.018755
2024-01-01T08:23:00 -0.003417  0.005329  0.019631
2024-01-01T08:24:00 -0.004128  0.008396  0.020266
2024-01-01T08:25:00 -0.003690  0.005717  0.021693
2024-01-01T08:26:00 -0.003841  0.006649  0.023099
2024-01-01T08:27:00 -0.004737  0.010994  0.023192
2024-01-01T08:28:00 -0.004967  0.007426  0.024952
2024-01-01T08:29:00 -0.004957  0.008908  0.024859
2024-01-01T08:30:00 -0.004809  0.012760  0.025335
2024-01-01T08:31:00 -0.004129  0.009202  0.026063
2024-01-01T08:32:00 -0.004735  0.009923  0.026539
2024-01-01T08:33:00 -0.004674  0.014517  0.026472
2024-01-01T08:34:00 -0.004748  0.010440  0.026009
2024-01-01T08:35:00 -0.004323  0.011648  0.026179
2024-01-01T08:36:00 -0.004691  0.015090  0.025882
2024-01-01T08:37:00 -0.003560  0.012068  0.025966
2024-01-01T08:38:00 -0.003428  0.012284  0.024479
2024-01-01T08:39:00 -0.002354  0.010529  0.024150
2024-01-01T08:40:00 -0.002136  0.016332  0.022630
2024-01-01T08:41:00 -0.001498  0.011882  0.022081
2024-01-01T08:42:00 -0.000908  0.010872  0.021679
2024-01-01T08:43:00 -0.000270  0.015828  0.019521
2024-01-01T08:44:00  0.000439  0.012633  0.018515
2024-01-01T08:45:00  0.001036  0.010305  0.017493
2024-01-01T08:46:00  0.002208  0.015166  0.015390
2024-01-01T08:47:00  0.003555  0.010613  0.014135
2024-01-01T08:48:00  0.003577  0.009078  0.012442
2024-01-01T08:49:00  0.004138  0.013323  0.010798
2024-01-01T08:50:00  0.005150  0.008919  0.008243
2024-01-01T08:51:00  0.005187  0.006323  0.007142
2024-01-01T08:52:00  0.006248  0.011729  0.005374
2024-01-01T08:53:00  0.007125  0.006237  0.004241
2024-01-01T08:54:00  0.007080  0.003078  0.002799
2024-01-01T08:55:00  0.006805  0.002954  0.001175
2024-01-01T08:56:00  0.007113  0.002001 -0.000832
2024-01-01T08:57:00  0.008361 -0.000959 -0.002535
2024-01-01T08:58:00  0.007713 -0.000871 -0.004310
2024-01-01T08:59:00  0.007631 -0.001331 -0.005772
2024-01-01T09:00:00  0.008466 -0.004847 -0.007850
2024-01-01T09:01:00  0.009027 -0.006127 -0.008660
2024-01-01T09:02:00  0.008891 -0.002305 -0.009823
2024-01-01T09:03:00  0.008454 -0.005199 -0.010784
2024-01-01T09:04:00  0.009874 -0.011021 -0.011820
2024-01-01T09:05:00  0.008773 -0.007171 -0.013813
2024-01-01T09:06:00  0.009463 -0.010287 -0.015114
2024-01-01T09:07:00  0.009875 -0.015993 -0.015941
2024-01-01T09:08:00  0.009353 -0.016157 -0.017690
2024-01-01T09:09:00  0.008925 -0.015079 -0.017701
2024-01-01T09:10:00  0.008445 -0.019799 -0.019302
2024-01-01T09:11:00  0.008184 -0.020695 -0.019849
2024-01-01T09:12:00  0.007784 -0.018016 -0.020501
2024-01-01T09:13:00  0.007557 -0.023080 -0.021559
2024-01-01T09:14:00  0.007264 -0.023449 -0.022382
2024-01-01T09:15:00  0.006632 -0.021607 -0.023454
2024-01-01T09:16:00  0.005454 -0.026429 -0.024050
2024-01-01T09:17:00  0.004998 -0.026145 -0.023995
2024-01-01T09:18:00  0.003645 -0.022925 -0.024307
2024-01-01T09:19:00  0.003299 -0.028352 -0.023416
2024-01-01T09:20:00  0.002141 -0.028140 -0.023671
2024-01-01T09:21:00  0.001295 -0.024791 -0.023448
2024-01-01T09:22:00  0.000734 -0.028666 -0.022973
2024-01-01T09:23:00 -0.000175 -0.028281 -0.022492
2024-01-01T09:24:00 -0.001103 -0.030391 -0.021384
2024-01-01T09:25:00 -0.001485 -0.025215 -0.020038
2024-01-01T09:26:00 -0.001748 -0.028262 -0.019097
2024-01-01T09:27:00 -0.003113 -0.029475 -0.018328
2024-01-01T09:28:00 -0.003695 -0.024373 -0.016033
2024-01-01T09:29:00 -0.004784 -0.028447 -0.014971
2024-01-01T09:30:00 -0.005851 -0.029857 -0.014117
2024-01-01T09:31:00 -0.005869 -0.024207 -0.011666
2024-01-01T09:32:00 -0.006005 -0.027535 -0.010185
2024-01-01T09:33:00 -0.007163 -0.028947 -0.007725
2024-01-01T09:34:00 -0.006813 -0.022856 -0.006166
2024-01-01T09:35:00 -0.007134 -0.026783 -0.004404
2024-01-01T09:36:00 -0.006719 -0.027633 -0.002675
2024-01-01T09:37:00 -0.006520 -0.022638 -0.000382
2024-01-01T09:38:00 -0.006471 -0.025175  0.001797
2024-01-01T09:39:00 -0.006194 -0.027078  0.002741
2024-01-01T09:40:00 -0.006554 -0.025891  0.004931
2024-01-01T09:41:00 -0.006383 -0.024154  0.007064
2024-01-01T09:42:00 -0.006776 -0.025334  0.008677
2024-01-01T09:43:00 -0.005807 -0.024091  0.010037
2024-01-01T09:44:00 -0.005954 -0.022386  0.011631
2024-01-01T09:45:00 -0.005627 -0.023289  0.012876
2024-01-01T09:46:00 -0.004855 -0.021533  0.014848
2024-01-01T09:47:00 -0.004755 -0.015961  0.016547
2024-01-01T09:48:00 -0.003652 -0.016816  0.017526
2024-01-01T09:49:00 -0.004037 -0.020245  0.018118
2024-01-01T09:50:00 -0.003125 -0.014227  0.019427
2024-01-01T09:51:00 -0.002758 -0.014717  0.021316
2024-01-01T09:52:00 -0.001945 -0.018492  0.021220
2024-01-01T09:53:00 -0.002144 -0.018334  0.022545
2024-01-01T09:54:00 -0.001974 -0.013606  0.023346
2024-01-01T09:55:00 -0.001456 -0.017707  0.023322
2024-01-01T09:56:00 -0.000692 -0.016387  0.023946
2024-01-01T09:57:00  0.000398 -0.012685  0.024196
2024-01-01T09:58:00  0.000663 -0.016434  0.024779
2024-01-01T09:59:00  0.001072 -0.015344  0.024501
2024-01-01T10:00:00  0.000354 -0.012228  0.024801
2024-01-01T10:01:00  0.001630 -0.016539  0.024207
2024-01-01T10:02:00  0.001701 -0.014557  0.024333
2024-01-01T10:03:00  0.002178 -0.011961  0.023229
2024-01-01T10:04:00  0.002627 -0.015398  0.022908
2024-01-01T10:05:00  0.002423 -0.014860  0.022396
2024-01-01T10:06:00  0.003435 -0.012312  0.020946
2024-01-01T10:07:00  0.003966 -0.015624  0.020884
2024-01-01T10:08:00  0.004220 -0.015542  0.019423
2024-01-01T10:09:00  0.004165 -0.016826  0.019526
2024-01-01T10:10:00  0.004406 -0.011947  0.018250
2024-01-01T10:11:00  0.005440 -0.015675  0.016671
2024-01-01T10:12:00  0.005719 -0.016971  0.015993
2024-01-01T10:13:00  0.005272 -0.011799  0.014775
2024-01-01T10:14:00  0.005149 -0.015753  0.013933
2024-01-01T10:15:00  0.005547 -0.016731  0.013480
2024-01-01T10:16:00  0.004596 -0.011763  0.012722
2024-01-01T10:17:00  0.004263 -0.015310  0.012614
2024-01-01T10:18:00  0.003574 -0.017114  0.011802
2024-01-01T10:19:00  0.004066 -0.011838  0.010713
2024-01-01T10:20:00  0.003061 -0.015941  0.010302
2024-01-01T10:21:00  0.001764 -0.017807  0.009735
2024-01-01T10:22:00  0.001106 -0.012171  0.009391
2024-01-01T10:23:00  0.001360 -0.015554  0.009544
2024-01-01T10:24:00  0.000865 -0.017321  0.008969
2024-01-01T10:25:00  0.001336 -0.016595  0.009050
2024-01-01T10:26:00  0.000982 -0.016693  0.009263
2024-01-01T10:27:00  0.000534 -0.017863  0.008930
2024-01-01T10:28:00  0.000609 -0.016605  0.007409
2024-01-01T10:29:00 -0.000070 -0.015056  0.007099
2024-01-01T10:30:00 -0.000676 -0.016583  0.006995
2024-01-01T10:31:00 -0.001147 -0.015553  0.006994
2024-01-01T10:32:00 -0.000826 -0.010251  0.006200
2024-01-01T10:33:00 -0.001346 -0.011043  0.005833
2024-01-01T10:34:00 -0.001458 -0.015527  0.005932
2024-01-01T10:35:00 -0.002310 -0.009560  0.005326
2024-01-01T10:36:00 -0.002475 -0.010366  0.004470
2024-01-01T10:37:00 -0.003180 -0.014185  0.003631
2024-01-01T10:38:00 -0.003853 -0.013846  0.003848
2024-01-01T10:39:00 -0.004119 -0.009956  0.003589
2024-01-01T10:40:00 -0.004729 -0.014262  0.002732
2024-01-01T10:41:00 -0.005608 -0.012564  0.002566
2024-01-01T10:42:00 -0.005882 -0.009435  0.002766
2024-01-01T10:43:00 -0.006387 -0.013114  0.001678
2024-01-01T10:44:00 -0.006793 -0.012604  0.001229
2024-01-01T10:45:00 -0.007673 -0.007681  0.001192
2024-01-01T10:46:00 -0.008222 -0.011825  0.000214
2024-01-01T10:47:00 -0.008555 -0.010116  0.000001
2024-01-01T10:48:00 -0.008858 -0.006420 -0.000337
2024-01-01T10:49:00 -0.009578 -0.008928  0.000098
2024-01-01T10:50:00 -0.009471 -0.007168 -0.001231
2024-01-01T10:51:00 -0.010832 -0.003137 -0.001571
2024-01-01T10:52:00 -0.011066 -0.005762 -0.001815
2024-01-01T10:53:00 -0.011681 -0.003570 -0.001616
2024-01-01T10:54:00 -0.012316 -0.003626 -0.002927
2024-01-01T10:55:00 -0.012435  0.001855 -0.003068
2024-01-01T10:56:00 -0.012932 -0.000152 -0.003554
2024-01-01T10:57:00 -0.012981 -0.000126 -0.004653
2024-01-01T10:58:00 -0.013490  0.006341 -0.004345
2024-01-01T10:59:00 -0.013402  0.004314 -0.004886
2024-01-01T11:00:00 -0.013208  0.003992 -0.005484
2024-01-01T11:01:00 -0.013471  0.010721 -0.005467
2024-01-01T11:02:00 -0.012952  0.008721 -0.006019
2024-01-01T11:03:00 -0.012375  0.008291 -0.006388
2024-01-01T11:04:00 -0.011773  0.014907 -0.006457
2024-01-01T11:05:00 -0.011654  0.012458 -0.007393
2024-01-01T11:06:00 -0.011425  0.011390 -0.007778
2024-01-01T11:07:00 -0.011084  0.017805 -0.006975
2024-01-01T11:08:00 -0.010124  0.014557 -0.007766
2024-01-01T11:09:00 -0.009867  0.013927 -0.007970
2024-01-01T11:10:00 -0.008591  0.015804 -0.008224
2024-01-01T11:11:00 -0.007630  0.016555 -0.008998
2024-01-01T11:12:00 -0.006574  0.015982 -0.009209
2024-01-01T11:13:00 -0.005858  0.017049 -0.009656
2024-01-01T11:14:00 -0.004914  0.018419 -0.009856
2024-01-01T11:15:00 -0.003387  0.017593 -0.009701
2024-01-01T11:16:00 -0.002231  0.018371 -0.010785
2024-01-01T11:17:00 -0.001378  0.023735 -0.010760
2024-01-01T11:18:00 -0.000147  0.022224 -0.011442
2024-01-01T11:19:00  0.000654  0.017366 -0.011577
2024-01-01T11:20:00  0.001066  0.023009 -0.011349
2024-01-01T11:21:00  0.003292  0.021479 -0.011334
2024-01-01T11:22:00  0.004041  0.016517 -0.011790
2024-01-01T11:23:00  0.005097  0.015936 -0.011621
2024-01-01T11:24:00  0.005770  0.019281 -0.011398
2024-01-01T11:25:00  0.006112  0.013735 -0.012691
2024-01-01T11:26:00  0.006659  0.013548 -0.012960
2024-01-01T11:27:00  0.007757  0.016453 -0.013007
2024-01-01T11:28:00  0.008472  0.011151 -0.013481
2024-01-01T11:29:00  0.009425  0.011177 -0.013719
2024-01-01T11:30:00  0.010172  0.012524 -0.013472
2024-01-01T11:31:00  0.010614  0.007745 -0.013936
2024-01-01T11:32:00  0.010178  0.006945 -0.013579
2024-01-01T11:33:00  0.010359  0.008549 -0.013131
2024-01-01T11:34:00  0.010859  0.002991 -0.013856
2024-01-01T11:35:00  0.011131  0.002757 -0.013856
2024-01-01T11:36:00  0.011431  0.004685 -0.013243
2024-01-01T11:37:00  0.011514 -0.000855 -0.014025
2024-01-01T11:38:00  0.011309 -0.001598 -0.013890
2024-01-01T11:39:00  0.011530 -0.004387 -0.013619
2024-01-01T11:40:00  0.011270 -0.001301 -0.013686
2024-01-01T11:41:00  0.011580 -0.006741 -0.012640
2024-01-01T11:42:00  0.011004 -0.009101 -0.013140
2024-01-01T11:43:00  0.011507 -0.005333 -0.013190
2024-01-01T11:44:00  0.011827 -0.010138 -0.013125
2024-01-01T11:45:00  0.011005 -0.013169 -0.012248
2024-01-01T11:46:00  0.010622 -0.009225 -0.012868
2024-01-01T11:47:00  0.009949 -0.014056 -0.012209
2024-01-01T11:48:00  0.009837 -0.016270 -0.011825
2024-01-01T11:49:00  0.009610 -0.011391 -0.011189
2024-01-01T11:50:00  0.009487 -0.016496 -0.010171
2024-01-01T11:51:00  0.008021 -0.018564 -0.009469
2024-01-01T11:52:00  0.008737 -0.013432 -0.009249
2024-01-01T11:53:00  0.008008 -0.017826 -0.009570
2024-01-01T11:54:00  0.007582 -0.020327 -0.009144
2024-01-01T11:55:00  0.006242 -0.020033 -0.008336
2024-01-01T11:56:00  0.005269 -0.018964 -0.007885
2024-01-01T11:57:00  0.005374 -0.020550 -0.008013
2024-01-01T11:58:00  0.005207 -0.019982 -0.007767
2024-01-01T11:59:00  0.004172 -0.019775 -0.006619
2024-01-01T12:00:00  0.003479 -0.020753 -0.006472
2024-01-01T12:01:00  0.002972 -0.020111 -0.006463
2024-01-01T12:02:00  0.003203 -0.014185 -0.006531
2024-01-01T12:03:00  0.002287 -0.015147 -0.005970
2024-01-01T12:04:00  0.002535 -0.018727 -0.005906
2024-01-01T12:05:00  0.002605 -0.013360 -0.005302
2024-01-01T12:06:00  0.002213 -0.014738 -0.004433
2024-01-01T12:07:00  0.001596 -0.018736 -0.003533
2024-01-01T12:08:00  0.001970 -0.017587 -0.003894
2024-01-01T12:09:00  0.001502 -0.013782 -0.003211
2024-01-01T12:10:00  0.001041 -0.017697 -0.002575
2024-01-01T12:11:00  0.000126 -0.016112 -0.002262
2024-01-01T12:12:00 -0.000047 -0.013280 -0.002349
2024-01-01T12:13:00  0.000379 -0.017057 -0.000996
2024-01-01T12:14:00 -0.000584 -0.015263 -0.001029
2024-01-01T12:15:00 -0.000476 -0.011977 -0.001142
2024-01-01T12:16:00 -0.000223 -0.016357 -0.000819
2024-01-01T12:17:00 -0.000888 -0.015355 -0.000301
2024-01-01T12:18:00 -0.001271 -0.011248 -0.000701
2024-01-01T12:19:00 -0.001227 -0.015041 -0.001342
2024-01-01T12:20:00 -0.001856 -0.015136 -0.001458
2024-01-01T12:21:00 -0.002473 -0.012160 -0.001024
2024-01-01T12:22:00 -0.002535 -0.015672 -0.001998
2024-01-01T12:23:00 -0.002470 -0.014941 -0.002131
2024-01-01T12:24:00 -0.003403 -0.015356 -0.002332
2024-01-01T12:25:00 -0.002936 -0.009945 -0.002316
2024-01-01T12:26:00 -0.002610 -0.014037 -0.001824
2024-01-01T12:27:00 -0.002801 -0.015111 -0.001702
2024-01-01T12:28:00 -0.003088 -0.009852 -0.001363
2024-01-01T12:29:00 -0.003696 -0.013183 -0.002111
2024-01-01T12:30:00 -0.004296 -0.014478 -0.001544
2024-01-01T12:31:00 -0.003873 -0.007900 -0.001151
2024-01-01T12:32:00 -0.003720 -0.012138 -0.001584
2024-01-01T12:33:00 -0.003582 -0.012424 -0.001556
2024-01-01T12:34:00 -0.004644 -0.006628 -0.001575
2024-01-01T12:35:00 -0.004415 -0.009474 -0.001554
2024-01-01T12:36:00 -0.004866 -0.010740 -0.002264
2024-01-01T12:37:00 -0.005070 -0.004608 -0.002091
2024-01-01T12:38:00 -0.004938 -0.008551 -0.002364
2024-01-01T12:39:00 -0.005736 -0.008258 -0.002438
2024-01-01T12:40:00 -0.005945 -0.006834 -0.003759
2024-01-01T12:41:00 -0.006748 -0.006679 -0.003291
2024-01-01T12:42:00 -0.006497 -0.007149 -0.003427
2024-01-01T12:43:00 -0.007195 -0.005829 -0.004317
2024-01-01T12:44:00 -0.006514 -0.003703 -0.005190
2024-01-01T12:45:00 -0.005950 -0.005155 -0.004500
2024-01-01T12:46:00 -0.006453 -0.003217 -0.004933
2024-01-01T12:47:00 -0.005466  0.003186 -0.005631
2024-01-01T12:48:00 -0.005220  0.001816 -0.005561
2024-01-01T12:49:00 -0.005482 -0.002106 -0.006036
2024-01-01T12:50:00 -0.004232  0.004699 -0.006127
2024-01-01T12:51:00 -0.003671  0.003774 -0.007195
2024-01-01T12:52:00 -0.002469  0.000834 -0.007071
2024-01-01T12:53:00 -0.002765  0.001704 -0.007536
2024-01-01T12:54:00 -0.002169  0.005212 -0.008076
2024-01-01T12:55:00 -0.001448  0.000850 -0.007875
2024-01-01T12:56:00 -0.000290  0.002568 -0.008351
2024-01-01T12:57:00  0.000084  0.006354 -0.008022
2024-01-01T12:58:00  0.000782  0.002846 -0.008851
2024-01-01T12:59:00  0.001353  0.002687 -0.008629
2024-01-01T13:00:00  0.001935  0.006473 -0.008834
2024-01-01T13:01:00  0.001416  0.002207 -0.009095
2024-01-01T13:02:00  0.002570  0.002553 -0.009791
2024-01-01T13:03:00  0.003013  0.006308 -0.010158
2024-01-01T13:04:00  0.003322  0.002034 -0.010067
2024-01-01T13:05:00  0.003512  0.002622 -0.010449
2024-01-01T13:06:00  0.004450  0.005558 -0.010722
2024-01-01T13:07:00  0.004583  0.002113 -0.011464
2024-01-01T13:08:00  0.004888  0.001566 -0.010851
2024-01-01T13:09:00  0.004629 -0.000823 -0.011817
2024-01-01T13:10:00  0.005047  0.004568 -0.012342
2024-01-01T13:11:00  0.004818  0.000799 -0.012230
2024-01-01T13:12:00  0.004692 -0.000802 -0.012145
2024-01-01T13:13:00  0.005079  0.003445 -0.013125
2024-01-01T13:14:00  0.005136 -0.000921 -0.013182
2024-01-01T13:15:00  0.005390 -0.003032 -0.011932
2024-01-01T13:16:00  0.004681  0.001334 -0.012579
2024-01-01T13:17:00  0.004636 -0.002814 -0.012829
2024-01-01T13:18:00  0.004410 -0.005752 -0.012350
2024-01-01T13:19:00  0.004120 -0.000815 -0.012328
2024-01-01T13:20:00  0.004640 -0.005637 -0.011723
2024-01-01T13:21:00  0.004222 -0.007300 -0.011880
2024-01-01T13:22:00  0.004335 -0.002067 -0.012304
2024-01-01T13:23:00  0.003499 -0.007011 -0.011986
2024-01-01T13:24:00  0.003512 -0.008648 -0.011722
2024-01-01T13:25:00  0.003121 -0.007779 -0.011988
2024-01-01T13:26:00  0.002499 -0.007728 -0.011620
2024-01-01T13:27:00  0.002563 -0.009874 -0.010613
2024-01-01T13:28:00  0.002299 -0.009215 -0.010353
2024-01-01T13:29:00  0.001675 -0.008599 -0.010035
2024-01-01T13:30:00  0.001692 -0.010039 -0.009198
2024-01-01T13:31:00  0.001317 -0.010285 -0.009709
2024-01-01T13:32:00  0.001109 -0.004812 -0.009294
2024-01-01T13:33:00  0.000823 -0.005933 -0.009091
2024-01-01T13:34:00  0.000550 -0.009780 -0.008267
2024-01-01T13:35:00 -0.000250 -0.004417 -0.007244
2024-01-01T13:36:00 -0.001012 -0.005389 -0.008199
2024-01-01T13:37:00 -0.000857 -0.009354 -0.006273
2024-01-01T13:38:00 -0.000957 -0.008014 -0.006361
2024-01-01T13:39:00 -0.001038 -0.004521 -0.005541
2024-01-01T13:40:00 -0.001876 -0.007865 -0.005328
2024-01-01T13:41:00 -0.001419 -0.006886 -0.004981
2024-01-01T13:42:00 -0.001846 -0.002438 -0.004971
2024-01-01T13:43:00 -0.001967 -0.006175 -0.003345
2024-01-01T13:44:00 -0.002508 -0.004796 -0.003046
2024-01-01T13:45:00 -0.002426 -0.000946 -0.002952
2024-01-01T13:46:00 -0.002742 -0.003929 -0.001858
2024-01-01T13:47:00 -0.003086 -0.003122 -0.001568
2024-01-01T13:48:00 -0.002735  0.001513 -0.001716
2024-01-01T13:49:00 -0.002203 -0.002465 -0.000855
2024-01-01T13:50:00 -0.003119 -0.001570 -0.000112
2024-01-01T13:51:00 -0.003074  0.002391  0.000065
2024-01-01T13:52:00 -0.002799 -0.001738  0.001243
2024-01-01T13:53:00 -0.002456 -0.001075  0.001788
2024-01-01T13:54:00 -0.001286 -0.001752  0.001926
2024-01-01T13:55:00 -0.001305  0.003275  0.002320
2024-01-01T13:56:00 -0.001447 -0.000582  0.002649
2024-01-01T13:57:00 -0.001102 -0.001798  0.003340
2024-01-01T13:58:00  0.000261  0.002980  0.004476
2024-01-01T13:59:00  0.000298 -0.000938  0.004286
2024-01-01T14:00:00  0.001472 -0.003755  0.004995
2024-01-01T14:01:00  0.001076  0.001881  0.004622
2024-01-01T14:02:00  0.002024 -0.003245  0.005752
2024-01-01T14:03:00  0.002706 -0.005651  0.005604
2024-01-01T14:04:00  0.003607  0.000084  0.004768
2024-01-01T14:05:00  0.003304 -0.004864  0.006191
2024-01-01T14:06:00  0.004376 -0.006821  0.005267
2024-01-01T14:07:00  0.004494 -0.003020  0.005952
2024-01-01T14:08:00  0.005291 -0.006988  0.006647
2024-01-01T14:09:00  0.005110 -0.009590  0.006536
2024-01-01T14:10:00  0.005216 -0.009507  0.006980
2024-01-01T14:11:00  0.005931 -0.009504  0.006518
2024-01-01T14:12:00  0.005993 -0.012790  0.006749
2024-01-01T14:13:00  0.006086 -0.012772  0.007489
2024-01-01T14:14:00  0.005933 -0.012718  0.007283
2024-01-01T14:15:00  0.005223 -0.013769  0.007565
2024-01-01T14:16:00  0.005451 -0.014171  0.007005
2024-01-01T14:17:00  0.004992 -0.009658  0.006989
2024-01-01T14:18:00  0.004260 -0.011353  0.007009
2024-01-01T14:19:00  0.003954 -0.015623  0.007199
2024-01-01T14:20:00  0.003909 -0.011228  0.007599
2024-01-01T14:21:00  0.003079 -0.012653  0.007273
2024-01-01T14:22:00  0.003313 -0.017603  0.007143
2024-01-01T14:23:00  0.002015 -0.016927  0.006466
2024-01-01T14:24:00  0.001479 -0.013862  0.008088
2024-01-01T14:25:00  0.001253 -0.018898  0.006606
2024-01-01T14:26:00  0.000800 -0.017993  0.007540
2024-01-01T14:27:00 -0.000131 -0.015018  0.007178
2024-01-01T14:28:00  0.000413 -0.018525  0.007158
2024-01-01T14:29:00  0.000123 -0.017794  0.006967
2024-01-01T14:30:00 -0.000085 -0.015389  0.007257
2024-01-01T14:31:00 -0.000464 -0.018542  0.006539
2024-01-01T14:32:00 -0.001149 -0.017479  0.007135
2024-01-01T14:33:00 -0.001518 -0.014282  0.007576
2024-01-01T14:34:00 -0.001181 -0.018017  0.006737
2024-01-01T14:35:00 -0.001940 -0.016606  0.007093
2024-01-01T14:36:00 -0.002203 -0.012409  0.007249
2024-01-01T14:37:00 -0.002328 -0.015760  0.006860
2024-01-01T14:38:00 -0.002748 -0.014571  0.007344
2024-01-01T14:39:00 -0.003454 -0.015283  0.007793
2024-01-01T14:40:00 -0.003164 -0.009927  0.008225
2024-01-01T14:41:00 -0.003514 -0.012370  0.007510
2024-01-01T14:42:00 -0.003448 -0.012476  0.008040
2024-01-01T14:43:00 -0.004399 -0.006111  0.009069
2024-01-01T14:44:00 -0.005417 -0.009915  0.009033
2024-01-01T14:45:00 -0.006346 -0.009432  0.008018
2024-01-01T14:46:00 -0.007231 -0.002747  0.008981
2024-01-01T14:47:00 -0.007078 -0.005534  0.008516
2024-01-01T14:48:00 -0.007102 -0.006179  0.008781
2024-01-01T14:49:00 -0.007794  0.000481  0.008773
2024-01-01T14:50:00 -0.007586 -0.002578  0.008991
2024-01-01T14:51:00 -0.008344 -0.001595  0.008773
2024-01-01T14:52:00 -0.009333  0.004421  0.009526
2024-01-01T14:53:00 -0.009575  0.001807  0.008944
2024-01-01T14:54:00 -0.010216  0.002428  0.007907
2024-01-01T14:55:00 -0.010472  0.003497  0.007882
2024-01-01T14:56:00 -0.010149  0.005651  0.008310
2024-01-01T14:57:00 -0.011720  0.007006  0.008315
2024-01-01T14:58:00 -0.011432  0.008993  0.007174
2024-01-01T14:59:00 -0.011383  0.011246  0.007258
2024-01-01T15:00:00 -0.012322  0.009810  0.006478
2024-01-01T15:01:00 -0.012149  0.012545  0.006164
2024-01-01T15:02:00 -0.010682  0.019135  0.005496
2024-01-01T15:03:00 -0.011397  0.019414  0.005010
2024-01-01T15:04:00 -0.011532  0.017076  0.005475
2024-01-01T15:05:00 -0.010964  0.023696  0.004120
2024-01-01T15:06:00 -0.011703  0.023305  0.004198
2024-01-01T15:07:00 -0.010694  0.021353  0.003567
2024-01-01T15:08:00 -0.009946  0.023772  0.002784
2024-01-01T15:09:00 -0.009192  0.027717  0.002727
2024-01-01T15:10:00 -0.009058  0.024635  0.002081
2024-01-01T15:11:00 -0.008408  0.026458  0.000828
2024-01-01T15:12:00 -0.008234  0.030530  0.000401
2024-01-01T15:13:00 -0.008184  0.027383  0.000428
2024-01-01T15:14:00 -0.007217  0.029444 -0.001260
2024-01-01T15:15:00 -0.006917  0.034495 -0.001713
2024-01-01T15:16:00 -0.006198  0.031407 -0.001856
2024-01-01T15:17:00 -0.005139  0.032995 -0.002898
2024-01-01T15:18:00 -0.004563  0.037191 -0.003443
2024-01-01T15:19:00 -0.004460  0.033978 -0.003370
2024-01-01T15:20:00 -0.003692  0.035530 -0.003689
2024-01-01T15:21:00 -0.002917  0.039211 -0.004496
2024-01-01T15:22:00 -0.002580  0.035845 -0.004295
2024-01-01T15:23:00 -0.001329  0.036593 -0.004286
2024-01-01T15:24:00 -0.000655  0.035559 -0.005256
2024-01-01T15:25:00 -0.000371  0.041250 -0.005951
2024-01-01T15:26:00  0.000576  0.037675 -0.006118
2024-01-01T15:27:00  0.002130  0.036197 -0.006210
2024-01-01T15:28:00  0.002442  0.041788 -0.006530
2024-01-01T15:29:00  0.003243  0.036466 -0.006058
2024-01-01T15:30:00  0.004134  0.034761 -0.006183
2024-01-01T15:31:00  0.005013  0.040262 -0.005772
2024-01-01T15:32:00  0.006579  0.035723 -0.005762
2024-01-01T15:33:00  0.006212  0.033298 -0.005932
2024-01-01T15:34:00  0.007349  0.036497 -0.005719
2024-01-01T15:35:00  0.008033  0.031884 -0.005380
2024-01-01T15:36:00  0.008856  0.029792 -0.005226
2024-01-01T15:37:00  0.008815  0.034082 -0.004326
2024-01-01T15:38:00  0.010184  0.028819 -0.004313
2024-01-01T15:39:00  0.010307  0.025331 -0.003312
2024-01-01T15:40:00  0.011343  0.024079 -0.003285
2024-01-01T15:41:00  0.010475  0.023210 -0.003352
2024-01-01T15:42:00  0.011370  0.020111 -0.002411
2024-01-01T15:43:00  0.011047  0.018797 -0.001717
2024-01-01T15:44:00  0.011636  0.017734 -0.000928
2024-01-01T15:45:00  0.010962  0.014488 -0.001408
2024-01-01T15:46:00  0.011529  0.013059 -0.001171
2024-01-01T15:47:00  0.011254  0.016458 -0.000109
2024-01-01T15:48:00  0.011597  0.012938  0.000640
2024-01-01T15:49:00  0.010809  0.007453  0.000899
2024-01-01T15:50:00  0.011165  0.011717  0.001903
2024-01-01T15:51:00  0.010956  0.008916  0.002700
2024-01-01T15:52:00  0.009732  0.002631  0.002473
2024-01-01T15:53:00  0.009698  0.002512  0.002822
2024-01-01T15:54:00  0.008753  0.003922  0.004389
2024-01-01T15:55:00  0.007866 -0.001090  0.003623
2024-01-01T15:56:00  0.006501 -0.001557  0.004935
2024-01-01T15:57:00  0.005995  0.000486  0.006306
2024-01-01T15:58:00  0.005568 -0.004860  0.006193
2024-01-01T15:59:00  0.004442 -0.005330  0.006203
2024-01-01T16:00:00  0.003481 -0.002724  0.007311
2024-01-01T16:01:00  0.001738 -0.007213  0.007581
2024-01-01T16:02:00  0.001866 -0.007017  0.007447
2024-01-01T16:03:00  0.000827 -0.003969  0.008185
2024-01-01T16:04:00 -0.000029 -0.007819  0.008379
2024-01-01T16:05:00 -0.000943 -0.007710  0.008572
2024-01-01T16:06:00 -0.001899 -0.004981  0.009076
2024-01-01T16:07:00 -0.003210 -0.009405  0.008253
2024-01-01T16:08:00 -0.003050 -0.008171  0.008525
2024-01-01T16:09:00 -0.004226 -0.010330  0.008304
2024-01-01T16:10:00 -0.003709 -0.004086  0.008669
2024-01-01T16:11:00 -0.005154 -0.008111  0.008378
2024-01-01T16:12:00 -0.006135 -0.009392  0.008159
2024-01-01T16:13:00 -0.005613 -0.003720  0.008451
2024-01-01T16:14:00 -0.005783 -0.007243  0.007758
2024-01-01T16:15:00 -0.005280 -0.008676  0.008289
2024-01-01T16:16:00 -0.005812 -0.003197  0.008729
2024-01-01T16:17:00 -0.005249 -0.006337  0.008483
2024-01-01T16:18:00 -0.006309 -0.006562  0.007701
2024-01-01T16:19:00 -0.005646 -0.000327  0.008107
2024-01-01T16:20:00 -0.004802 -0.003650  0.007048
2024-01-01T16:21:00 -0.005382 -0.004287  0.006979
2024-01-01T16:22:00 -0.004633  0.001268  0.006730
2024-01-01T16:23:00 -0.003762 -0.001796  0.006328
2024-01-01T16:24:00 -0.003866 -0.002894  0.006659
2024-01-01T16:25:00 -0.003875 -0.001067  0.005865
2024-01-01T16:26:00 -0.003099 -0.000432  0.005015
2024-01-01T16:27:00 -0.003555 -0.001081  0.004636
2024-01-01T16:28:00 -0.002670 -0.000940  0.004227
2024-01-01T16:29:00 -0.002554  0.001020  0.004134
2024-01-01T16:30:00 -0.002519 -0.000259  0.002240
2024-01-01T16:31:00 -0.002744  0.000818  0.001604
2024-01-01T16:32:00 -0.002511  0.006662  0.001418
2024-01-01T16:33:00 -0.002364  0.004943  0.000508
2024-01-01T16:34:00 -0.001614  0.001874  0.000342
2024-01-01T16:35:00 -0.001228  0.006635  0.000365
2024-01-01T16:36:00 -0.001452  0.005622 -0.000736
2024-01-01T16:37:00 -0.000518  0.000945 -0.001165
2024-01-01T16:38:00 -0.001661  0.001153 -0.001165
2024-01-01T16:39:00 -0.001303  0.005259 -0.001679
2024-01-01T16:40:00 -0.000214  0.000800 -0.001750
2024-01-01T16:41:00 -0.000515  0.001174 -0.002068
2024-01-01T16:42:00  0.000018  0.004139 -0.002723
2024-01-01T16:43:00 -0.000109 -0.000069 -0.003197
2024-01-01T16:44:00  0.000338  0.000257 -0.003104
2024-01-01T16:45:00  0.000118  0.003439 -0.003615
2024-01-01T16:46:00  0.000334 -0.000347 -0.003092
2024-01-01T16:47:00  0.000060 -0.000394 -0.004214
2024-01-01T16:48:00 -0.000175  0.003161 -0.004714
2024-01-01T16:49:00  0.000400 -0.000772 -0.004022
2024-01-01T16:50:00  0.000327 -0.000093 -0.004734
2024-01-01T16:51:00  0.000862  0.003193 -0.004576
2024-01-01T16:52:00  0.000679 -0.001843 -0.004327
2024-01-01T16:53:00  0.000314 -0.000591 -0.005046
2024-01-01T16:54:00  0.001163 -0.001282 -0.005126
2024-01-01T16:55:00  0.000847  0.003780 -0.005530
2024-01-01T16:56:00  0.001377  0.000110 -0.004890
2024-01-01T16:57:00  0.001448 -0.001239 -0.005042
2024-01-01T16:58:00  0.000876  0.004564 -0.006171
2024-01-01T16:59:00  0.001387  0.000302 -0.005242
2024-01-01T17:00:00  0.001863 -0.000158 -0.005295
2024-01-01T17:01:00  0.001435  0.005675 -0.005777
2024-01-01T17:02:00  0.001364  0.001223 -0.005427
2024-01-01T17:03:00  0.002117 -0.000028 -0.004846
2024-01-01T17:04:00  0.001553  0.005675 -0.006178
2024-01-01T17:05:00  0.001688  0.002027 -0.005291
2024-01-01T17:06:00  0.001777  0.001065 -0.004874
2024-01-01T17:07:00  0.002518  0.007280 -0.005297
2024-01-01T17:08:00  0.001516  0.003041 -0.005064
2024-01-01T17:09:00  0.002154  0.001787 -0.004772
2024-01-01T17:10:00  0.002296  0.002179 -0.003890
2024-01-01T17:11:00  0.001944  0.003491 -0.003820
2024-01-01T17:12:00  0.002287  0.002144 -0.002880
2024-01-01T17:13:00  0.002568  0.003295 -0.003290
2024-01-01T17:14:00  0.002091  0.004606 -0.003386
2024-01-01T17:15:00  0.002108  0.001840 -0.001884
2024-01-01T17:16:00  0.002431  0.002802 -0.001998
2024-01-01T17:17:00  0.001682  0.008403 -0.002595
2024-01-01T17:18:00  0.002192  0.005966 -0.001510
2024-01-01T17:19:00  0.002489  0.000943 -0.001999
2024-01-01T17:20:00  0.003041  0.006867 -0.001474
2024-01-01T17:21:00  0.002360  0.005307 -0.001688
2024-01-01T17:22:00  0.002767  0.001277 -0.001430
2024-01-01T17:23:00  0.002633  0.000450 -0.001171
2024-01-01T17:24:00  0.003137  0.003757 -0.001262
2024-01-01T17:25:00  0.003587 -0.001006 -0.001243
2024-01-01T17:26:00  0.003116 -0.000747 -0.001089
2024-01-01T17:27:00  0.002896  0.002742 -0.000280
2024-01-01T17:28:00  0.002797 -0.002301  0.000319
2024-01-01T17:29:00  0.003114 -0.002147  0.000633
2024-01-01T17:30:00  0.003181  0.001660  0.000869
2024-01-01T17:31:00  0.003525 -0.003037  0.000850
2024-01-01T17:32:00  0.002967 -0.003676  0.001769
2024-01-01T17:33:00  0.003357 -0.000194  0.001967
2024-01-01T17:34:00  0.002183 -0.004613  0.002329
2024-01-01T17:35:00  0.002305 -0.004999  0.001777
2024-01-01T17:36:00  0.002624 -0.001341  0.002353
2024-01-01T17:37:00  0.002900 -0.005728  0.002857
2024-01-01T17:38:00  0.002509 -0.005350  0.002534
2024-01-01T17:39:00  0.001465 -0.006959  0.002866
2024-01-01T17:40:00  0.001440 -0.002042  0.003088
2024-01-01T17:41:00  0.001404 -0.005564  0.002935
2024-01-01T17:42:00  0.001020 -0.006817  0.002993
2024-01-01T17:43:00  0.000443 -0.001790  0.003610
2024-01-01T17:44:00  0.000968 -0.005322  0.002940
2024-01-01T17:45:00 -0.000071 -0.007236  0.002934
2024-01-01T17:46:00  0.000121 -0.001513  0.003126
2024-01-01T17:47:00  0.000081 -0.005948  0.002570
2024-01-01T17:48:00  0.000672 -0.006808  0.002639
2024-01-01T17:49:00 -0.000398 -0.002222  0.003011
2024-01-01T17:50:00  0.000326 -0.005227  0.001826
2024-01-01T17:51:00  0.000706 -0.006756  0.001434
2024-01-01T17:52:00  0.000066 -0.001146  0.002420
2024-01-01T17:53:00  0.000382 -0.005295  0.000406
2024-01-01T17:54:00  0.000744 -0.005363  0.000226
2024-01-01T17:55:00  0.000619 -0.005320 -0.000217
2024-01-01T17:56:00  0.001196 -0.003749  0.000344
2024-01-01T17:57:00  0.001342 -0.005598 -0.000804
2024-01-01T17:58:00  0.001270 -0.004165 -0.000725
2024-01-01T17:59:00  0.001954 -0.003085 -0.001376
2024-01-01T18:00:00  0.001650 -0.004011 -0.001503
2024-01-01T18:01:00  0.002462 -0.003689 -0.001934
2024-01-01T18:02:00  0.001738  0.001748 -0.001122
2024-01-01T18:03:00  0.002221  0.000520 -0.002917
2024-01-01T18:04:00  0.002353 -0.003128 -0.002970
2024-01-01T18:05:00  0.002282  0.001880 -0.002596
2024-01-01T18:06:00  0.002085  0.001097 -0.003417
2024-01-01T18:07:00  0.001728 -0.003162 -0.003997
2024-01-01T18:08:00  0.001800 -0.002621 -0.003783
2024-01-01T18:09:00  0.002464  0.000667 -0.005020
2024-01-01T18:10:00  0.002277 -0.003663 -0.004633
2024-01-01T18:11:00  0.002491 -0.003448 -0.004777
2024-01-01T18:12:00  0.002164 -0.000730 -0.004813
2024-01-01T18:13:00  0.002675 -0.004490 -0.005456
2024-01-01T18:14:00  0.002459 -0.005141 -0.005426
2024-01-01T18:15:00  0.002361 -0.002172 -0.005612
2024-01-01T18:16:00  0.002691 -0.005861 -0.004798
2024-01-01T18:17:00  0.002186 -0.005602 -0.005493
2024-01-01T18:18:00  0.003397 -0.002700 -0.005078
2024-01-01T18:19:00  0.003061 -0.006777 -0.004473
2024-01-01T18:20:00  0.002309 -0.006946 -0.004621
2024-01-01T18:21:00  0.002651 -0.004431 -0.004108
2024-01-01T18:22:00  0.003578 -0.008606 -0.003003
2024-01-01T18:23:00  0.002802 -0.008279 -0.003513
2024-01-01T18:24:00  0.002886 -0.009665 -0.003044
2024-01-01T18:25:00  0.002828 -0.005292 -0.002658
2024-01-01T18:26:00  0.003249 -0.009162 -0.002837
2024-01-01T18:27:00  0.002538 -0.011222 -0.002143
2024-01-01T18:28:00  0.003392 -0.006894 -0.001306
2024-01-01T18:29:00  0.003351 -0.010626 -0.000452
2024-01-01T18:30:00  0.003159 -0.012691 -0.000584
2024-01-01T18:31:00  0.002453 -0.007576  0.000326
2024-01-01T18:32:00  0.002842 -0.012242  0.000729
2024-01-01T18:33:00  0.002462 -0.013321  0.000479
2024-01-01T18:34:00  0.001876 -0.009422  0.000584
2024-01-01T18:35:00  0.001460 -0.012176  0.000937
2024-01-01T18:36:00  0.002027 -0.013254  0.002280
2024-01-01T18:37:00  0.002042 -0.008823  0.002054
2024-01-01T18:38:00  0.001155 -0.013165  0.002676
2024-01-01T18:39:00  0.001484 -0.014466  0.003403
2024-01-01T18:40:00  0.001457 -0.013431  0.003552
2024-01-01T18:41:00  0.000821 -0.012401  0.003774
2024-01-01T18:42:00  0.001033 -0.013710  0.003607
2024-01-01T18:43:00  0.001276 -0.012943  0.004302
2024-01-01T18:44:00 -0.000282 -0.012704  0.004079
2024-01-01T18:45:00  0.000658 -0.013578  0.003831
2024-01-01T18:46:00 -0.000248 -0.012303  0.004258
2024-01-01T18:47:00 -0.001097 -0.006987  0.003572
2024-01-01T18:48:00 -0.000659 -0.007878  0.004388
2024-01-01T18:49:00 -0.001343 -0.011780  0.003463
2024-01-01T18:50:00 -0.001690 -0.006531  0.003024
2024-01-01T18:51:00 -0.001922 -0.006552  0.003254
2024-01-01T18:52:00 -0.002400 -0.009668  0.003177
2024-01-01T18:53:00 -0.002931 -0.008518  0.002166
2024-01-01T18:54:00 -0.002809 -0.006236  0.001294
2024-01-01T18:55:00 -0.004168 -0.009791  0.000983
2024-01-01T18:56:00 -0.003525 -0.008327  0.000740
2024-01-01T18:57:00 -0.004511 -0.005196  0.000657
2024-01-01T18:58:00 -0.004295 -0.008288 -0.000019
2024-01-01T18:59:00 -0.003599 -0.007233 -0.000120
2024-01-01T19:00:00 -0.003996 -0.004270 -0.001036
2024-01-01T19:01:00 -0.004753 -0.008220 -0.002020
2024-01-01T19:02:00 -0.004350 -0.007332 -0.003074
2024-01-01T19:03:00 -0.004793 -0.003448 -0.003989
2024-01-01T19:04:00 -0.005649 -0.006205 -0.004530
2024-01-01T19:05:00 -0.004509 -0.005423 -0.004430
2024-01-01T19:06:00 -0.005144 -0.001494 -0.004943
2024-01-01T19:07:00 -0.005581 -0.005226 -0.005204
2024-01-01T19:08:00 -0.005629 -0.003339 -0.005567
2024-01-01T19:09:00 -0.005476 -0.005170 -0.006363
2024-01-01T19:10:00 -0.005086  0.001499 -0.006535
2024-01-01T19:11:00 -0.004996 -0.002574 -0.006408
2024-01-01T19:12:00 -0.005638 -0.003765 -0.007555
2024-01-01T19:13:00 -0.005761  0.002542 -0.007171
2024-01-01T19:14:00 -0.005791  0.000272 -0.007177
2024-01-01T19:15:00 -0.005395 -0.002169 -0.006914
2024-01-01T19:16:00 -0.005587  0.004101 -0.007798
2024-01-01T19:17:00 -0.005540  0.001146 -0.007574
2024-01-01T19:18:00 -0.005699  0.000230 -0.007296
2024-01-01T19:19:00 -0.005062  0.007097 -0.007349
2024-01-01T19:20:00 -0.005317  0.003400 -0.006351
2024-01-01T19:21:00 -0.004561  0.001767 -0.007118
2024-01-01T19:22:00 -0.004919  0.007862 -0.006123
2024-01-01T19:23:00 -0.004469  0.005196 -0.006098
2024-01-01T19:24:00 -0.003103  0.003815 -0.006114
2024-01-01T19:25:00 -0.003054  0.005509 -0.006354
2024-01-01T19:26:00 -0.002706  0.006890 -0.005604
2024-01-01T19:27:00 -0.002084  0.005443 -0.005354
2024-01-01T19:28:00 -0.001558  0.006617 -0.005386
2024-01-01T19:29:00 -0.000742  0.008151 -0.004827
2024-01-01T19:30:00  0.000035  0.006263 -0.005240
2024-01-01T19:31:00  0.000564  0.007664 -0.004611
2024-01-01T19:32:00  0.001453  0.012960 -0.005097
2024-01-01T19:33:00  0.001141  0.012103 -0.005622
2024-01-01T19:34:00  0.001434  0.008752 -0.005061
2024-01-01T19:35:00  0.002907  0.013882 -0.004826
2024-01-01T19:36:00  0.003412  0.011675 -0.005151
2024-01-01T19:37:00  0.002908  0.007678 -0.005068
2024-01-01T19:38:00  0.003498  0.008839 -0.004581
2024-01-01T19:39:00  0.004293  0.011150 -0.004836
2024-01-01T19:40:00  0.004025  0.006401 -0.004360
2024-01-01T19:41:00  0.004963  0.006491 -0.003993
2024-01-01T19:42:00  0.004977  0.009930 -0.003036
2024-01-01T19:43:00  0.004843  0.004861 -0.002504
2024-01-01T19:44:00  0.005080  0.005409 -0.001174
2024-01-01T19:45:00  0.005592  0.008480 -0.001188
2024-01-01T19:46:00  0.006286  0.002432 -0.001040
2024-01-01T19:47:00  0.006338  0.003263 -0.000049
2024-01-01T19:48:00  0.005893  0.006048  0.001126
2024-01-01T19:49:00  0.005842  0.000400  0.001949
2024-01-01T19:50:00  0.006523  0.000222  0.001994
2024-01-01T19:51:00  0.006024  0.002883  0.003172
2024-01-01T19:52:00  0.005672 -0.001950  0.004176
2024-01-01T19:53:00  0.006478 -0.002676  0.004027
2024-01-01T19:54:00  0.006734 -0.005196  0.005044
2024-01-01T19:55:00  0.007070 -0.001022  0.006267
2024-01-01T19:56:00  0.007002 -0.006204  0.007164
2024-01-01T19:57:00  0.006498 -0.008664  0.007881
2024-01-01T19:58:00  0.007226 -0.004662  0.008499
2024-01-01T19:59:00  0.007522 -0.010309  0.009490
2024-01-01T20:00:00  0.007443 -0.012646  0.011124
2024-01-01T20:01:00  0.007684 -0.008231  0.011097
2024-01-01T20:02:00  0.007333 -0.013379  0.012642
2024-01-01T20:03:00  0.006919 -0.016335  0.012875
2024-01-01T20:04:00  0.006479 -0.011014  0.013779
2024-01-01T20:05:00  0.006438 -0.016052  0.015120
2024-01-01T20:06:00  0.006407 -0.018365  0.014780
2024-01-01T20:07:00  0.005697 -0.013582  0.015632
2024-01-01T20:08:00  0.004902 -0.019203  0.016395
2024-01-01T20:09:00  0.004553 -0.021084  0.017191
2024-01-01T20:10:00  0.004665 -0.021327  0.017621
2024-01-01T20:11:00  0.003359 -0.020863  0.017715
2024-01-01T20:12:00  0.003366 -0.023462  0.018312
2024-01-01T20:13:00  0.001867 -0.023556  0.018332
2024-01-01T20:14:00  0.001105 -0.023223  0.018257
2024-01-01T20:15:00  0.000415 -0.025070  0.017667
2024-01-01T20:16:00 -0.000024 -0.024996  0.017607
2024-01-01T20:17:00 -0.000479 -0.020269  0.017302
2024-01-01T20:18:00 -0.001696 -0.021951  0.016449
2024-01-01T20:19:00 -0.001716 -0.026254  0.016233
2024-01-01T20:20:00 -0.002193 -0.021319  0.015157
2024-01-01T20:21:00 -0.002706 -0.022528  0.014108
2024-01-01T20:22:00 -0.003061 -0.026773  0.013615
2024-01-01T20:23:00 -0.002910 -0.026843  0.012750
2024-01-01T20:24:00 -0.003320 -0.023369  0.011310
2024-01-01T20:25:00 -0.004015 -0.027176  0.010080
2024-01-01T20:26:00 -0.004590 -0.026249  0.008190
2024-01-01T20:27:00 -0.004131 -0.022766  0.006688
2024-01-01T20:28:00 -0.003537 -0.026692  0.005516
2024-01-01T20:29:00 -0.004324 -0.025654  0.003922
2024-01-01T20:30:00 -0.004980 -0.022433  0.001575
2024-01-01T20:31:00 -0.004603 -0.025582 -0.000047
2024-01-01T20:32:00 -0.004302 -0.025650 -0.002003
2024-01-01T20:33:00 -0.004834 -0.021951 -0.004041
2024-01-01T20:34:00 -0.004583 -0.026354 -0.004795
2024-01-01T20:35:00 -0.004687 -0.024882 -0.007304
2024-01-01T20:36:00 -0.004807 -0.022027 -0.009732
2024-01-01T20:37:00 -0.003543 -0.025673 -0.011480
2024-01-01T20:38:00 -0.003669 -0.025467 -0.013186
2024-01-01T20:39:00 -0.004035 -0.026549 -0.014521
2024-01-01T20:40:00 -0.003647 -0.020708 -0.016772
2024-01-01T20:41:00 -0.003845 -0.024348 -0.018949
2024-01-01T20:42:00 -0.004086 -0.025645 -0.020704
2024-01-01T20:43:00 -0.003496 -0.019801 -0.022298
2024-01-01T20:44:00 -0.002762 -0.024171 -0.023411
2024-01-01T20:45:00 -0.002361 -0.025487 -0.024875
2024-01-01T20:46:00 -0.002793 -0.019855 -0.026623
2024-01-01T20:47:00 -0.002445 -0.023051 -0.028013
2024-01-01T20:48:00 -0.002629 -0.023884 -0.028614
2024-01-01T20:49:00 -0.002595 -0.019236 -0.030091
2024-01-01T20:50:00 -0.003530 -0.022448 -0.030093
2024-01-01T20:51:00 -0.003537 -0.023620 -0.030491
2024-01-01T20:52:00 -0.003300 -0.017784 -0.031019
2024-01-01T20:53:00 -0.003398 -0.022183 -0.032003
2024-01-01T20:54:00 -0.003905 -0.023594 -0.031968
2024-01-01T20:55:00 -0.003616 -0.022583 -0.032317
2024-01-01T20:56:00 -0.004226 -0.021868 -0.032162
2024-01-01T20:57:00 -0.003630 -0.023230 -0.031943
2024-01-01T20:58:00 -0.003476 -0.022080 -0.031765
2024-01-01T20:59:00 -0.003440 -0.021547 -0.030233
2024-01-01T21:00:00 -0.003496 -0.022558 -0.030359
2024-01-01T21:01:00 -0.003145 -0.021166 -0.029469
2024-01-01T21:02:00 -0.002880 -0.015546 -0.028703
2024-01-01T21:03:00 -0.004252 -0.016383 -0.027307
2024-01-01T21:04:00 -0.002862 -0.020196 -0.026361
2024-01-01T21:05:00 -0.002702 -0.014567 -0.025052
2024-01-01T21:06:00 -0.003112 -0.014935 -0.023899
2024-01-01T21:07:00 -0.003334 -0.018076 -0.023055
2024-01-01T21:08:00 -0.002964 -0.017673 -0.021586
2024-01-01T21:09:00 -0.003190 -0.013490 -0.019984
2024-01-01T21:10:00 -0.003441 -0.017528 -0.019038
2024-01-01T21:11:00 -0.002585 -0.016005 -0.017617
2024-01-01T21:12:00 -0.002662 -0.013116 -0.014975
2024-01-01T21:13:00 -0.002477 -0.016466 -0.013979
2024-01-01T21:14:00 -0.002145 -0.016302 -0.011429
2024-01-01T21:15:00 -0.001270 -0.013064 -0.009494
2024-01-01T21:16:00 -0.000764 -0.017337 -0.008040
2024-01-01T21:17:00 -0.000669 -0.017230 -0.006098
2024-01-01T21:18:00  0.000445 -0.013212 -0.004660
2024-01-01T21:19:00  0.000892 -0.018449 -0.002963
2024-01-01T21:20:00  0.002290 -0.017153 -0.001490
2024-01-01T21:21:00  0.002759 -0.013868 -0.000271
2024-01-01T21:22:00  0.002891 -0.019183  0.000848
2024-01-01T21:23:00  0.003541 -0.018638  0.002075
2024-01-01T21:24:00  0.003503 -0.020091  0.004232
2024-01-01T21:25:00  0.003607 -0.015289  0.005401
2024-01-01T21:26:00  0.003291 -0.020364  0.005961
2024-01-01T21:27:00  0.003803 -0.021613  0.006759
2024-01-01T21:28:00  0.003716 -0.017702  0.007910
2024-01-01T21:29:00  0.003156 -0.020975  0.008686
2024-01-01T21:30:00  0.003110 -0.024366  0.009754
2024-01-01T21:31:00  0.003560 -0.019767  0.010880
2024-01-01T21:32:00  0.002811 -0.024582  0.011588
2024-01-01T21:33:00  0.001984 -0.026873  0.011986
2024-01-01T21:34:00  0.002211 -0.022155  0.012481
2024-01-01T21:35:00  0.002236 -0.026933  0.012521
2024-01-01T21:36:00  0.001975 -0.028946  0.014144
2024-01-01T21:37:00  0.001844 -0.024741  0.013677
2024-01-01T21:38:00  0.001661 -0.028687  0.013814
2024-01-01T21:39:00  0.001325 -0.030858  0.015160
2024-01-01T21:40:00  0.001254 -0.031138  0.015459
2024-01-01T21:41:00  0.001086 -0.030853  0.015241
2024-01-01T21:42:00  0.000715 -0.032596  0.015785
2024-01-01T21:43:00  0.001414 -0.032678  0.015830
2024-01-01T21:44:00 -0.000159 -0.031270  0.016085
2024-01-01T21:45:00  0.000024 -0.033948  0.016024
2024-01-01T21:46:00  0.000023 -0.032731  0.016399
2024-01-01T21:47:00 -0.001130 -0.027339  0.015406
2024-01-01T21:48:00 -0.002054 -0.029062  0.015495
2024-01-01T21:49:00 -0.002142 -0.032728  0.016349
2024-01-01T21:50:00 -0.002080 -0.027542  0.015765
2024-01-01T21:51:00 -0.002486 -0.028488  0.015517
2024-01-01T21:52:00 -0.004187 -0.032038  0.015448
2024-01-01T21:53:00 -0.004333 -0.031439  0.016414
2024-01-01T21:54:00 -0.004663 -0.028289  0.014709
2024-01-01T21:55:00 -0.005635 -0.031316  0.015136
2024-01-01T21:56:00 -0.006797 -0.030207  0.014602
2024-01-01T21:57:00 -0.007994 -0.027296  0.015019
2024-01-01T21:58:00 -0.008375 -0.030761  0.014457
2024-01-01T21:59:00 -0.008532 -0.029162  0.014582
2024-01-01T22:00:00 -0.009676 -0.024282  0.013310
2024-01-01T22:01:00 -0.009532 -0.028198  0.013196
2024-01-01T22:02:00 -0.010267 -0.026360  0.012847
2024-01-01T22:03:00 -0.010978 -0.022824  0.013114
2024-01-01T22:04:00 -0.010607 -0.025241  0.012113
2024-01-01T22:05:00 -0.011496 -0.023965  0.011730
2024-01-01T22:06:00 -0.010998 -0.019599  0.010559
2024-01-01T22:07:00 -0.011211 -0.024005  0.010081
2024-01-01T22:08:00 -0.011209 -0.022242  0.009649
2024-01-01T22:09:00 -0.011531 -0.022397  0.009185
2024-01-01T22:10:00 -0.011018 -0.015911  0.007812
2024-01-01T22:11:00 -0.010815 -0.019260  0.007687
2024-01-01T22:12:00 -0.011265 -0.019450  0.005943
2024-01-01T22:13:00 -0.011087 -0.013430  0.004923
2024-01-01T22:14:00 -0.010425 -0.016967  0.004281
2024-01-01T22:15:00 -0.010784 -0.017533  0.002937
2024-01-01T22:16:00 -0.009961 -0.010713  0.002257
2024-01-01T22:17:00 -0.009562 -0.014108  0.000889
2024-01-01T22:18:00 -0.009420 -0.014629  0.000510
2024-01-01T22:19:00 -0.009458 -0.008063  0.000127
2024-01-01T22:20:00 -0.008213 -0.011231 -0.001281
2024-01-01T22:21:00 -0.008396 -0.012151 -0.001610
2024-01-01T22:22:00 -0.007264 -0.006059 -0.002946
2024-01-01T22:23:00 -0.007722 -0.009596 -0.002975
2024-01-01T22:24:00 -0.008330 -0.010031 -0.004713
2024-01-01T22:25:00 -0.007376 -0.008493 -0.004665
2024-01-01T22:26:00 -0.007113 -0.007087 -0.005566
2024-01-01T22:27:00 -0.007512 -0.007847 -0.006481
2024-01-01T22:28:00 -0.007231 -0.006850 -0.006727
2024-01-01T22:29:00 -0.006514 -0.004971 -0.006816
2024-01-01T22:30:00 -0.007212 -0.006033 -0.007126
2024-01-01T22:31:00 -0.007041 -0.005203 -0.008550
2024-01-01T22:32:00 -0.006822  0.000589 -0.007844
2024-01-01T22:33:00 -0.007466 -0.001057 -0.007585
2024-01-01T22:34:00 -0.007122 -0.004325 -0.008442
2024-01-01T22:35:00 -0.006582  0.001262 -0.008421
2024-01-01T22:36:00 -0.006274  0.000179 -0.008632
2024-01-01T22:37:00 -0.004813 -0.004181 -0.008260
2024-01-01T22:38:00 -0.005173 -0.002915 -0.008492
2024-01-01T22:39:00 -0.005165  0.000892 -0.009353
2024-01-01T22:40:00 -0.004163 -0.002551 -0.009117
2024-01-01T22:41:00 -0.004257 -0.001080 -0.008426
2024-01-01T22:42:00 -0.003305  0.002301 -0.008706
2024-01-01T22:43:00 -0.003602 -0.000520 -0.009113
2024-01-01T22:44:00 -0.002645  0.000504 -0.008812
2024-01-01T22:45:00 -0.002655  0.003923 -0.008441
2024-01-01T22:46:00 -0.001655  0.000241 -0.008700
2024-01-01T22:47:00 -0.002209  0.001191 -0.008298
2024-01-01T22:48:00 -0.001631  0.004450 -0.008002
2024-01-01T22:49:00 -0.001158  0.001187 -0.007452
2024-01-01T22:50:00 -0.000910  0.001624 -0.008014
2024-01-01T22:51:00 -0.000825  0.004761 -0.007446
2024-01-01T22:52:00 -0.000592  0.001350 -0.007807
2024-01-01T22:53:00 -0.000471  0.002052 -0.007341
2024-01-01T22:54:00  0.000075  0.001203 -0.007076
2024-01-01T22:55:00  0.000110  0.005474 -0.005504
2024-01-01T22:56:00  0.000234  0.001999 -0.005408
2024-01-01T22:57:00  0.000445  0.001434 -0.005479
2024-01-01T22:58:00  0.000760  0.007250 -0.004733
2024-01-01T22:59:00  0.000381  0.002397 -0.003972
2024-01-01T23:00:00 -0.000305  0.001762 -0.003177
2024-01-01T23:01:00  0.000254  0.007286 -0.001526
2024-01-01T23:02:00 -0.000422  0.003394 -0.001906
2024-01-01T23:03:00 -0.001431  0.002043 -0.000532
2024-01-01T23:04:00 -0.001752  0.007892  0.000537
2024-01-01T23:05:00 -0.002698  0.004039  0.002177
2024-01-01T23:06:00 -0.002758  0.002542  0.002576
2024-01-01T23:07:00 -0.003381  0.007809  0.003473
2024-01-01T23:08:00 -0.004075  0.004688  0.005772
2024-01-01T23:09:00 -0.004727  0.002296  0.006013
2024-01-01T23:10:00 -0.005312  0.003686  0.007439
2024-01-01T23:11:00 -0.006476  0.005775  0.008751
2024-01-01T23:12:00 -0.006955  0.003918  0.009877
2024-01-01T23:13:00 -0.007009  0.005392  0.010030
2024-01-01T23:14:00 -0.008479  0.006959  0.011023
2024-01-01T23:15:00 -0.008890  0.005544  0.012092
2024-01-01T23:16:00 -0.009180  0.007152  0.012832
2024-01-01T23:17:00 -0.010448  0.013087  0.013830
2024-01-01T23:18:00 -0.011343  0.013076  0.014521
2024-01-01T23:19:00 -0.010915  0.009405  0.014385
2024-01-01T23:20:00 -0.011254  0.015545  0.015402
2024-01-01T23:21:00 -0.012590  0.015532  0.015423
2024-01-01T23:22:00 -0.013863  0.013089  0.016370
2024-01-01T23:23:00 -0.013790  0.015069  0.016817
2024-01-01T23:24:00 -0.014023  0.020250  0.016085
2024-01-01T23:25:00 -0.014349  0.016861  0.016347
2024-01-01T23:26:00 -0.015226  0.019610  0.017107
2024-01-01T23:27:00 -0.015986  0.024913  0.016105
2024-01-01T23:28:00 -0.017165  0.022351  0.017234
2024-01-01T23:29:00 -0.017775  0.025242  0.017580
2024-01-01T23:30:00 -0.017945  0.029964  0.017537
2024-01-01T23:31:00 -0.018769  0.028063  0.016628
2024-01-01T23:32:00 -0.019345  0.031345  0.016410
2024-01-01T23:33:00 -0.020335  0.036751  0.016121
2024-01-01T23:34:00 -0.020870  0.034689  0.016087
2024-01-01T23:35:00 -0.022315  0.038017  0.015046
2024-01-01T23:36:00 -0.023222  0.042968  0.015161
2024-01-01T23:37:00 -0.022873  0.041437  0.014360
2024-01-01T23:38:00 -0.023824  0.044979  0.013593
2024-01-01T23:39:00 -0.023660  0.044953  0.014016
2024-01-01T23:40:00 -0.024236  0.053514  0.012831
2024-01-01T23:41:00 -0.024677  0.051516  0.013231
2024-01-01T23:42:00 -0.025905  0.053265  0.012525
2024-01-01T23:43:00 -0.025260  0.060136  0.011396
2024-01-01T23:44:00 -0.025887  0.058789  0.010680
2024-01-01T23:45:00 -0.025863  0.060135  0.009784
2024-01-01T23:46:00 -0.025852  0.068453  0.008397
2024-01-01T23:47:00 -0.025867  0.067314  0.008257
2024-01-01T23:48:00 -0.026142  0.068486  0.007484
2024-01-01T23:49:00 -0.026649  0.076674  0.006310
2024-01-01T23:50:00 -0.026476  0.074041  0.006436
2024-01-01T23:51:00 -0.026337  0.075594  0.004831
2024-01-01T23:52:00 -0.026493  0.083910  0.004224
2024-01-01T23:53:00 -0.026022  0.082546  0.002815
2024-01-01T23:54:00 -0.024738  0.082774  0.002617
2024-01-01T23:55:00 -0.025370  0.085449  0.001881
2024-01-01T23:56:00 -0.024747  0.089117  0.000797
2024-01-01T23:57:00 -0.023500  0.090122  0.000615
2024-01-01T23:58:00 -0.023303  0.093228 -0.000912
2024-01-01T23:59:00 -0.021758  0.096584 -0.000144
2024-01-02T00:00:00 -0.019367  0.098665  0.004700
